#OTU ID	Average	
568345	10.627595065	
4313853	12.597341668	
275246	21.486219887	
806964	12.53647278	
558264	0	
797229	0.642740323	
4468959	0.008630449	
434587	0.016455221	
251381	17.531420047	
4123679	1.476280275	
1101488	2.939912571	
1083194	0.016581394	
217732	5.192030749	
1040645	1.012595578	
4308674	0.421746706	
695368	3.10855852	
2556149	0.27337084	
939811	2.03856254	
829116	0.240898947	
694548	3.182467705	
237863	0.625846943	
367944	0.02100388	
4319494	4.615967969	
1010927	1.121901039	
541894	1.408350298	
899488	0.824354831	
208171	0.316325078	
722628	0.044165153	
4420769	0.237482748	
354150	0.371971468	
590482	0.008974254	
785526	0.089903446	
586489	0.003047754	
10926	0.036077975	
1109080	0.589740186	
901786	0.083319141	
673048	0.0	
773900	0.433008484	
569481	0.549108694	
533417	0.316540575	
789777	0.328930646	
540846	1.290834394	
319044	0.07047135	
342749	0	
106877	0.057300341	
823251	0	
1569332	0.062013246	
302703	0.0	
512687	0.072582701	
555945	0.007553147	
586650	0.0	
705967	0.046795013	
1111582	0.028290672	
632878	0.370533605	
580411	0	
1084906	0.003887888	
960076	0.014646497	
543999	0.096409194	
1084952	0	
624227	0.015353384	
593437	0.013546514	
261300	0.0	
217239	0.006131876	
791738	0.021133819	
1931	0	
854050	0.001500074	
559996	0.008514942	
939892	0.156717283	
342427	0.0	
1085832	0.01789708	
80188	0.330410747	
248432	0.001931143	
544841	0.020619966	
320593	0.094236303	
1011088	0.359611369	
798260	0.020260176	
546740	0.023594988	
651897	0.000462513	
265832	0.352908848	
4198891	0	
1106617	0.028049881	
106281	0.00944872	
247849	0	
264229	0.014101819	
701407	0.005169533	
549760	0.012332622	
4294457	0	
967427	0.0	
789831	0.155769039	
4088116	0.023270183	
1066621	0.0	
103241	0	
988314	0.012682313	
4323205	0	
974121	0.001741305	
626739	0.002062692	
4295122	0.00940653	
366311	0	
368334	0.011165934	
764046	0.0	
1108275	0.010840644	
171401	0.177117007	
516977	0.014333538	
4308446	0	
548468	0.003984444	
3278095	0.002915525	
780650	0.010647218	
940737	0.000925026	
903426	0.0	
155812	0.004366618	
828667	0.000275136	
5860	0.120818901	
586280	0.0	
318462	0.0	
10927	0.004068448	
923105	0.00985579	
1088647	0.0	
68458	0	
2111163	0.001533594	
522986	0.019068798	
544106	0	
365621	0.012139197	
621037	0.004821692	
529979	0.010622909	
4343793	0.0	
276106	0.002575839	
176817	0.002340533	
573413	0.011272751	
4367489	0	
2252883	0	
553766	0.075205558	
975306	0.006062402	
1097359	0.005815695	
1084045	0.0	
579705	0.020823293	
511461	0.004450194	
347847	0.002850503	
237452	0	
526496	0.004278268	
1107362	0	
362767	0.003433702	
278795	0.001427895	
376032	0.010372615	
226125	0.015496374	
1123707	0.01031187	
326605	0.0	
922761	0.0	
80664	0.004442619	
509913	0.038267797	
816282	0.000476497	
4409038	0.048598269	
963344	0.002127309	
105315	0.02466713	
936354	0.006291472	
913174	0.001293368	
807112	0.101748126	
1100798	0.002942735	
187147	0.004526562	
580909	0.002693337	
1658350	0	
531374	0	
942823	0.115356169	
839235	0.004392473	
1101451	0	
584010	0.001375871	
114215	0	
741010	0.000885391	
188150	0.044321912	
349828	0.004294096	
813944	0.0	
10442	0	
1039092	0.001387244	
1577238	0.001083327	
555423	0.002886266	
1848083	0.014942618	
817734	0.001979761	
253814	0.001583004	
1051459	0.011275772	
1115061	0.00277508	
565425	0.004709034	
1033018	0.004957986	
579765	0	
251292	0	
999477	0.0	
801568	0.003239312	
1082539	0.001268633	
330668	0	
214450	0	
245906	0	
1101669	0.000646684	
238484	0.001546059	
150582	0	
4411469	0.0	
1144188	0.000899374	
4264515	0	
325808	0.006513216	
548887	0.0	
808031	0.019002378	
1051517	0.00473389	
1034645	0.00138754	
963825	0.00080457	
339084	0.000637775	
314432	0	
130219	0.000845756	
362621	0.001599678	
43170	0.0	
356568	0.002347256	
821325	0.0	
157142	0.001339706	
363358	0.009078472	
523140	0.004149158	
608473	0.06344843	
927623	0	
966091	0	
901183	0.0	
6859	0.016968563	
808597	0.001899606	
355307	0.003251319	
673019	0.0	
573270	0	
225487	0.002085637	
788632	0.002059502	
988542	0.0	
585221	0.00187802	
909170	0.000646684	
710745	0.003078636	
136056	0	
590450	0	
592160	0.004449537	
607810	0.00285579	
818315	0.0	
524884	0.0	
846710	0.003704736	
814909	0.002020742	
848816	0	
87245	0	
4424725	0	
851865	0.007293465	
577170	0	
589277	0.000476497	
827300	0	
917635	0.000949803	
176591	0	
210046	0.000646684	
557211	0.002876373	
1040713	0	
585063	0.001375676	
366851	0	
315334	0.002214077	
1078587	0.01175194	
646549	0.006447868	
4357413	0	
988932	0.000793098	
580625	0.007736321	
937813	0	
580254	0.0	
799211	0.0	
594000	0	
581409	0.002074334	
866365	0.000462513	
1086621	0	
1038641	0.0	
1074625	0.001754386	
643362	0.002177665	
583388	0.001424704	
307462	0	
221896	0	
820370	0.002097938	
359098	0.001439782	
589792	0	
788205	0	
817349	0.001646933	
851323	0.000422878	
516115	0.001266404	
531928	0	
512485	0.000646684	
583656	0	
857556	0	
78896	0	
576629	0.0	
647343	0.002045518	
336559	0	
2493172	0.003007709	
252788	0	
369429	0.000476497	
717279	0.0	
4383030	0.006084221	
1045587	0	
886673	0.005241464	
894719	0.002423802	
704655	0.0	
716006	0.001606746	
342221	0	
804483	0.003889885	
590099	0.000952994	
918212	0.000633202	
696563	0.003840246	
539582	0.001755882	
572970	0.001386163	
1124040	0.005601416	
780788	0	
735032	0	
804175	0.000675311	
257510	0.007188702	
970318	0.000476497	
938948	0	
292521	0.000845755	
588929	0.002324712	
1106674	0.006013539	
4351055	0	
252003	0.000474901	
575708	0	
4453083	0	
572218	0	
1107029	0	
892370	0.0	
592957	0	
703741	0	
773575	0.012495444	
826611	0	
573374	0.0	
561830	0	
836783	0	
849440	0.000474901	
522959	0.000675311	
278562	0	
774740	0	
332835	0.000646684	
144059	0	
830688	0	
12290	0	
511866	0.000422878	
966231	0	
550996	0	
345793	0.0	
996116	0.0	
358766	0.0	
942852	0.001902796	
339532	0	
410196	0.000476497	
256657	0.003959107	
648741	0	
210236	0	
114821	0.0	
363646	0.001596487	
235348	0	
998905	0.003811974	
250626	0.001754386	
323818	0.000791502	
195157	0.0	
352304	0.0001583	
979107	0.0	
257891	0	
538428	0	
766989	0	
4434215	0	
342268	0.004274113	
4416230	0	
721526	0	
1087556	0.001514968	
854272	0.000550271	
1145540	0.0	
967069	0	
910853	0	
260956	0.001293368	
1800149	0	
1011712	0.0	
822814	0.000275135	
370183	0	
105042	0	
71577	0.000949803	
927720	0	
12574	0.0	
781203	0.001583005	
1105814	0.000633202	
682857	0	
1065974	0.000952994	
1106324	0.0	
330294	0.000835581	
909097	0	
576501	0.00591137	
1047041	0	
318367	0	
348567	0	
207866	0	
470382	0.0	
790384	0.000620813	
2595950	0.0	
352192	0	
1090634	0	
589071	0.001100289	
615514	0.00277508	
796406	0.000462513	
634948	0	
582379	0	
4405322	0	
291090	0.0	
1107468	0.010426246	
826744	0	
539547	0	
888396	0.000675311	
357624	0	
413256	0	
77498	0	
976441	0.0	
571406	0.001925947	
547268	0.002586736	
320892	0	
1087471	0.001936122	
302470	0	
873972	0	
4428627	0.000474901	
1088120	0.0	
79436	0	
4432518	0.0015846	
339013	0	
386892	0	
817401	0	
164216	0.0	
347529	0	
748070	0	
4403806	0	
131798	0	
544125	0	
706878	0	
331093	0.000925026	
590243	0.00142949	
1034564	0.0	
576308	0.000646684	
754410	0.002063515	
572643	0	
3038080	0.0	
915452	0	
562576	0.001394263	
4349379	0	
141461	0	
1130506	0	
1074016	0.009530544	
812921	0.0	
1081489	0.000633202	
541345	0.000462513	
708680	0.001583005	
848824	0	
560961	0	
964989	0	
805856	0.000462513	
833372	0	
518584	0	
557722	0	
813442	0	
582754	0.0	
152730	0	
572010	0.0	
12457	0.001293368	
436314	0	
580222	0	
802908	0	
2398623	0	
198783	0	
511303	0	
805785	0.001347904	
4021961	0.0	
683891	0.001293368	
1068470	0.000476497	
940348	0.001347904	
278075	0	
208315	0	
822904	0	
1106667	0	
1067488	0	
98258	0.000476497	
887484	0	
541859	0.000646684	
350224	0	
4406944	0	
646909	0.017453528	
804526	0.000925027	
1044212	0	
559612	0.001266404	
584263	0.0	
226108	0	
816781	0	
567796	0	
973597	0	
583089	0.000646684	
249034	0	
851567	0.001542219	
592129	0	
111520	0.001422575	
537370	0.005139408	
569939	0	
574008	0	
212764	0	
759751	0.00055027	
139292	0.0	
242966	0	
851822	0.0	
1130804	0	
563086	0	
269609	0	
646129	0	
588520	0	
838066	0.001293368	
811763	0	
4423702	0	
1083508	0	
2400243	0	
813945	0.000646684	
564411	0	
60649	0	
2222	0	
717565	0.000476497	
821644	0.0	
589407	0	
565691	0.0	
753792	0	
163716	0	
591699	0.0	
55494	0.001100541	
266984	0	
592139	0.0	
607212	0.0	
916529	0	
396266	0	
143392	0	
4421846	0	
807851	0	
1066410	0.001159645	
1140434	0.001797673	
579147	0	
1108960	0.000952994	
2363675	0.0	
823439	0.000422878	
571698	0	
563439	0	
408706	0	
335000	0.00142949	
620319	0.001109197	
816229	0	
582083	0.000550271	
610107	0.0	
4340927	0	
630496	0	
975335	0.0	
414943	0	
4338742	0	
279470	0	
156012	0.000476497	
310558	0.000137568	
1052930	0	
4375292	0.0	
159560	0.0	
821717	0.0	
201191	0	
351352	0	
526490	0	
589864	0	
1106362	0.001905987	
765455	0.004764968	
205859	0	
891635	0	
362450	0.0	
1104848	0.000877193	
302194	0	
1068847	0.0	
1023806	0	
297968	0	
547764	0	
566216	0.000637775	
787865	0.000476497	
322136	0.000825406	
213370	0.000949803	
579475	0	
4455956	0	
916143	0.000791502	
728926	0	
4359316	0	
1148343	0	
809490	0	
587175	0	
151049	0	
819472	0	
101218	0	
91903	0.003082328	
676761	0	
701221	0	
567843	0	
834742	0.0	
314599	0	
1052435	0	
262453	0.002105292	
554415	0	
165006	0	
22594	0.0	
141219	0.000422878	
1052264	0	
740831	0.0	
202454	0	
996068	0	
820313	0.010210327	
1060565	0	
541299	0.000422878	
568229	0.001266404	
628293	0.000877193	
363017	0	
766159	0	
4403095	0	
532139	0.0	
325947	0.000952994	
986534	0.0	
534403	0	
40351	0.000675311	
503315	0	
832113	0	
676066	0	
545538	0.001754386	
4422519	0	
359720	0	
575885	0	
822517	0.001742901	
867624	0	
356606	0	
208492	0.0	
547232	0.00138754	
730684	0	
569576	0	
861780	0.003116982	
577152	0	
1110312	0	
368698	0	
665869	0	
517156	0.001586196	
4470101	0	
153559	0.0	
656053	0	
132939	0	
540546	0	
1014707	0	
746436	0.000462513	
808095	0	
521558	0.0	
1784974	0.0	
1084417	0	
831409	0	
170549	0	
886061	0	
747857	0.000925026	
2554	0	
48579	0.0	
178478	0	
69980	0	
818959	0	
4480176	0	
816867	0.0	
1131194	0	
302553	0	
206826	0	
570238	0	
4400334	0	
564704	0	
4428547	0	
1126893	0	
940662	0	
809437	0	
771050	0	
524725	0	
792868	0	
1079671	0	
553357	0	
352392	0.0001583	
591049	0	
107275	0.000137568	
287508	0.0001583	
238697	0	
103390	0.000476497	
800415	0.0	
2685346	0.0	
326232	0	
578551	0.0	
1087462	0.001899606	
290401	0	
304089	0	
541252	0.000412703	
779725	0	
344155	0	
515299	0.001268633	
1025153	0.000462513	
142247	0	
825256	0	
4333237	0.002588637	
339375	0	
842506	0	
735569	0	
582961	0	
579073	0	
254401	0.0	
909401	0	
574742	0	
1084080	0	
4419793	0.0	
4051670	0	
564267	0	
46681	0.0	
745482	0	
256215	0	
223474	0	
511452	0	
579033	0.000462513	
357743	0	
621968	0	
4352242	0.0	
194137	0	
823671	0	
4141983	0	
541354	0	
928574	0	
1048850	0	
4343647	0	
871009	0	
941487	0	
266579	0	
810759	0	
137954	0	
822584	0	
331392	0	
748537	0.001741305	
546813	0.001196955	
545721	0	
978664	0	
959160	0	
285497	0.000646684	
176828	0	
4435655	0	
580121	0	
247756	0	
1140859	0	
699027	0.000952994	
1127936	0	
583850	0	
3869719	0	
420127	0	
572138	0	
1029949	0	
894654	0.0	
877752	0.001911423	
813980	0.008681641	
889025	0.000550271	
1026498	0	
568419	0	
4367455	0	
746675	0.001394263	
209573	0	
815167	0	
695200	0	
29533	0	
3981263	0.0015846	
218098	0.000675311	
369182	0	
315391	0	
4371286	0	
73753	0	
830893	0.0	
683674	0	
2994818	0	
575067	0	
4376154	0	
287021	0	
531332	0.000952994	
1108289	0.000952994	
567703	0.00138754	
523561	0	
4433032	0	
4409130	0	
356640	0	
585394	0.006971313	
582973	0	
326873	0	
769643	0.0	
559454	0	
4294883	0	
578526	0	
612406	0	
288238	0	
207689	0.0	
514272	0.000634797	
2665096	0	
575014	0	
550937	0	
716887	0	
593894	0	
133075	0	
827050	0	
610433	0	
292105	0	
875735	0	
749837	0.0	
681987	0	
1081614	0	
426919	0	
360315	0	
4338511	0	
1072562	0.0	
537775	0	
110755	0	
574566	0	
311155	0	
1108523	0.000422878	
242577	0	
1118744	0.000925026	
545862	0	
605681	0.000476497	
761408	0	
1078167	0	
148878	0	
290977	0	
823476	0.000910747	
1096010	0.002312566	
907583	0	
4432435	0	
1108350	0	
759916	0	
579293	0.000687838	
525816	0	
760955	0	
525371	0	
869513	0	
526323	0	
358080	0	
543740	0	
576472	0	
826624	0	
660633	0	
4344815	0.000476497	
219331	0	
593908	0.000952994	
2297613	0.0	
4461517	0	
309720	0	
819699	0	
577562	0	
359581	0.000675311	
1040796	0	
242384	0.003840246	
461318	0	
211191	0	
809463	0.0	
761545	0	
311942	0	
589946	0	
238864	0	
550484	0	
973942	0	
657266	0	
687206	0.000402285	
948242	0	
4481782	0.004335765	
785501	0.0022121	
351627	0	
211527	0	
550142	0	
4370555	0	
349929	0	
692510	0.000502993	
1040768	0	
1051475	0	
169428	0	
625554	0	
103802	0	
348642	0.000633202	
314276	0	
4426270	0	
578358	0	
559177	0	
120505	0.0	
220524	0.001267999	
4345624	0	
4017244	0.000925027	
546876	0	
217200	0	
1933402	0.000877193	
4329788	0	
4462592	0	
47013	0	
227169	0	
279699	0	
2105446	0	
892000	0.0	
211089	0.000949803	
345614	0.0	
912669	0	
352497	0	
228207	0.0	
713957	0	
2992307	0	
107784	0	
279384	0	
1117491	0.000960061	
820945	0	
158576	0	
301603	0	
74812	0	
2368865	0	
307381	0	
4447932	0	
1086274	0	
336761	0	
1118618	0	
4344055	0	
1093466	0	
2188240	0	
318396	0	
553643	0	
823634	0	
318760	0	
4304095	0	
50794	0.002532808	
581306	0	
4440164	0	
331227	0	
4424807	0.000137568	
369027	0.000560445	
2224797	0	
1111776	0	
168671	0	
249173	0	
4417791	0	
689528	0.0	
316892	0	
1107976	0	
555445	0	
4452842	0.001905988	
622288	0	
347369	0	
656312	0	
564309	0.0	
854368	0	
2685349	0	
160321	0	
380567	0	
1050608	0	
403318	0	
1067865	0	
807046	0.000422878	
533650	0	
138551	0	
962380	0	
364538	0	
131516	0	
256694	0	
263605	0	
235468	0	
1098634	0	
4464192	0	
278130	0	
879040	0	
532521	0	
4361763	0.0	
322226	0	
4311041	0	
798562	0	
469382	0	
2818167	0	
1117404	0	
524318	0	
4381696	0.000845755	
896098	0	
4346564	0.0	
250458	0	
212546	0	
897411	0.000402285	
1042278	0	
941803	0	
113533	0	
4401950	0	
316869	0	
4406407	0.0	
2353709	0	
859512	0	
985339	0	
571263	0.000646684	
4433019	0	
141302	0	
694172	0	
230476	0	
223804	0	
752327	0	
147648	0.0	
1141681	0	
217798	0	
546186	0.0	
850214	0	
557939	0	
4468333	0	
1028542	0	
387744	0	
878663	0	
952082	0	
564487	0.0	
4343672	0	
817284	0	
1064003	0	
543327	0	
333235	0	
917443	0	
265162	0	
1602314	0	
245345	0	
4395734	0	
79309	0	
390344	0.000675311	
279220	0	
4440670	0	
4393261	0.00178838	
499899	0	
522927	0.0	
143917	0	
564941	0	
73910	0	
4431673	0	
1104739	0	
831922	0.000949802	
111319	0	
557665	0	
658233	0.002057906	
1137744	0	
4164931	0	
825156	0	
985179	0	
238813	0	
256361	0	
565660	0	
471180	0.000960061	
720949	0	
1123475	0	
1053775	0.001293368	
570385	0.002072808	
586505	0	
515709	0	
228694	0	
360268	0	
866043	0	
217746	0	
4420564	0	
4354194	0	
163857	0	
890516	0	
185659	0	
334383	0	
322759	0	
782472	0	
336950	0	
91845	0.001281122	
351979	0	
851704	0.001741305	
92430	0	
645729	0	
3744574	0	
241977	0	
4104836	0	
369953	0	
952171	0	
103229	0.001650812	
549891	0	
107450	0	
585998	0	
813720	0	
656928	0	
875867	0.000612469	
359570	0.000412703	
2093501	0	
306756	0.000646684	
316008	0	
277727	0	
325483	0.000675311	
585360	0	
930283	0	
814721	0.000952994	
1087966	0	
4460358	0	
556073	0	
28246	0	
545495	0	
969805	0	
534970	0	
804449	0	
423264	0	
86185	0	
719608	0	
766563	0	
589956	0	
511378	0	
4327501	0	
448778	0	
715800	0.0	
541375	0	
1080980	0.000476497	
832257	0	
298621	0	
4308297	0	
610753	0	
579680	0	
1109067	0	
1026231	0.000637775	
818282	0.000675311	
746799	0	
2827692	0	
7505	0	
661229	0.000476497	
593016	0	
944197	0	
586517	0	
945478	0	
1044235	0	
578911	0	
4335557	0	
552935	0	
1145153	0	
1141218	0	
4474906	0	
1038865	0	
264967	0	
461487	0	
4404862	0	
579026	0.000422878	
45149	0	
1806896	0	
529444	0	
527762	0	
639329	0	
817648	0	
771824	0	
140826	0	
818369	0	
4338598	0	
809380	0	
918389	0	
574051	0	
992510	0.001100541	
851668	0	
1065187	0	
761119	0	
233993	0.000825406	
1013464	0	
3808207	0	
1015969	0.0	
592287	0	
219727	0	
851113	0	
4455120	0	
883748	0.0	
933150	0	
367995	0	
495001	0	
699855	0	
317811	0	
737649	0	
734687	0	
4403801	0	
995583	0	
1011361	0	
268764	0	
1016118	0	
688528	0	
287781	0	
356574	0	
592649	0	
758764	0	
562115	0	
353292	0.000476497	
724988	0	
208790	0	
565730	0	
1047886	0	
300285	0	
540980	0	
187652	0	
955582	0	
3207	0	
905618	0.000462513	
99071	0	
1089636	0	
145000	0	
612465	0	
18486	0	
1090029	0	
1062123	0	
66912	0	
247509	0	
564588	0	
333882	0.0	
160406	0	
512148	0	
934235	0	
585547	0	
516569	0.000422878	
569456	0	
1104592	0.000633202	
365181	0	
12763	0	
4302472	0	
222818	0.000646684	
346299	0.000462513	
806405	0.000462513	
901995	0.001728917	
832166	0.001238109	
223237	0	
653179	0	
658224	0	
225404	0	
4298020	0	
522961	0	
343709	0	
312863	0	
580695	0	
582691	0	
593692	0	
1109142	0	
582558	0	
313037	0	
4348932	0	
309441	0	
159038	0.0001583	
224900	0	
4461906	0	
1008689	0	
1106130	0	
950620	0	
4477796	0	
854930	0	
1024056	0	
1134828	0	
808459	0	
337914	0	
172296	0	
956988	0	
246274	0	
579462	0	
1112762	0	
4391549	0	
847358	0	
279978	0	
588869	0	
528782	0	
220892	0	
567336	0.000899374	
224548	0	
3506234	0	
529793	0	
744404	0	
1040889	0	
589920	0	
2255	0	
1124689	0.000646684	
804621	0	
556100	0	
531335	0	
328043	0	
639485	0	
977756	0	
773399	0	
1111517	0.000462513	
1032692	0	
344244	0	
364034	0	
213177	0	
1049277	0	
149144	0	
1105305	0	
213493	0	
282458	0	
872014	0	
267674	0	
355277	0	
250187	0	
760967	0	
567226	0	
530046	0	
2087657	0	
794581	0	
807415	0	
531899	0	
810076	0	
50109	0	
4080002	0	
36221	0	
579924	0	
4380675	0.001850054	
168817	0	
2394	0	
4312247	0	
1106494	0	
809188	0	
749896	0	
590798	0	
1111551	0	
153521	0.001313032	
520046	0	
403701	0.000952994	
563192	0	
4326875	0	
1021984	0	
1113958	0	
1129515	0	
1053100	0	
584484	0	
1137229	0	
1038712	0	
830545	0.0	
219818	0	
434004	0	
134265	0	
941024	0	
841907	0	
361902	0.001108103	
352774	0.001108103	
373928	0	
101880	0	
4310798	0	
32581	0	
888880	0	
1141660	0	
4375017	0	
572586	0.0	
351960	0	
811449	0	
141636	0	
556383	0	
562206	0	
584392	0	
845502	0	
340334	0	
1544412	0	
862115	0	
421125	0	
833609	0	
239506	0	
252045	0	
509047	0	
1078997	0	
4395040	0.000925027	
906197	0	
512702	0	
155455	0	
4295251	0	
246881	0	
511542	0	
576960	0	
1014513	0	
983889	0	
809993	0	
862949	0	
560243	0	
852722	0	
732609	0	
1135026	0	
207153	0	
544105	0	
98909	0	
195222	0	
1117507	0	
342375	0	
997371	0.001083327	
588301	0	
97792	0	
139337	0	
586074	0	
4196062	0	
439457	0	
365496	0	
548736	0.0	
170831	0.0	
641123	0.000422878	
88168	0	
155521	0.000412703	
812105	0	
545460	0.000925027	
544324	0.00273224	
962736	0	
192970	0.00142949	
1143179	0	
844589	0	
305141	0	
1065350	0	
155932	0	
560228	0	
1105687	0	
577149	0	
301294	0	
3420500	0	
1060029	0	
556915	0.000791502	
1012112	0.000791502	
277106	0	
353322	0	
3401140	0	
964300	0	
826668	0	
1129191	0	
1104688	0	
424016	0	
991740	0.000952994	
528441	0	
545247	0.0	
4388411	0	
4437290	0	
293191	0	
1028133	0	
588835	0.0	
1715188	0	
823246	0	
608293	0.000877193	
73324	0	
799024	0	
1106060	0	
3326589	0	
227112	0	
4434039	0.000550271	
153225	0	
710141	0	
303498	0	
569550	0	
794948	0	
264620	0	
1930655	0	
219243	0	
744935	0	
1697002	0	
222753	0	
32546	0	
576442	0	
574686	0	
793359	0	
4425473	0	
144431	0	
258636	0	
709012	0	
770205	0	
98253	0	
48487	0	
902836	0.000646684	
547256	0.000646684	
567464	0	
918840	0	
588165	0	
415267	0	
554795	0	
820843	0	
3859	0	
152713	0	
357342	0	
856920	0	
849118	0.000877193	
1953633	0.001940052	
543065	0.003213492	
205602	0.001268633	
136377	0	
206209	0	
215509	0	
213764	0	
579633	0	
164660	0	
252665	0	
1119093	0	
550890	0	
335955	0	
82372	0	
553746	0	
640999	0.000422878	
914108	0	
681312	0	
4312980	0	
4409769	0.000462513	
4447049	0	
807821	0.000646684	
583102	0.000925027	
296858	0	
565301	0.00160914	
819702	0	
253550	0	
813352	0.000316601	
592272	0	
810704	0	
152417	0	
537954	0	
593700	0	
368902	0	
542278	0	
795328	0	
236204	0.0	
4437491	0	
758719	0	
517116	0.000960061	
555568	0	
806566	0.0001583	
