Gene	Sample	OTU	GeneCountPerGenome	OTUAbundanceInSample	CountContributedByOTU	ContributionPercentOfSample	ContributionPercentOfAllSamples	Kingdom	Phylum	Class	Order	Family	Genus	Species
K03933	L0_7	939811	1.0	0.029620853	0.029620853	1.0	0.00024195512278
K03933	L0_8	939811	1.0	0.036873156	0.036873156	0.5	0.00030119487063
K03933	L0_8	836783	1.0	0.036873156	0.036873156	0.5	0.00030119487063
K03933	L0_9	939811	1.0	0.030921459	0.030921459	1.0	0.000252578999291
K03933	L10_7	797229	1.0	0.00699888	0.00699888	0.0322580636241	5.71696861574e-05
K03933	L10_7	939811	1.0	0.209966406	0.209966406	0.967741936376	0.00171509063373
K03933	L10_8	939811	1.0	0.101061142	0.101061142	1.0	0.000825508334312
K03933	L10_9	939811	1.0	0.170478762	0.170478762	0.857142861452	0.00139253956634
K03933	L10_9	585394	2.0	0.014206563	0.028413126	0.142857138548	0.000232089919554
K03933	L11_8	797229	1.0	0.005360206	0.005360206	0.111111115718	4.37843333161e-05
K03933	L11_8	939811	1.0	0.042881646	0.042881646	0.888888884282	0.000350274650192
K03933	L11_9	797229	1.0	0.00530307	0.00530307	0.03448275593	4.33176233298e-05
K03933	L11_9	646549	2.0	0.01060614	0.02121228	0.13793102372	0.000173270493319
K03933	L11_9	939811	1.0	0.127273692	0.127273692	0.82758622035	0.00103962305794
K03933	L11_B	585394	2.0	0.010203041	0.020406082	1.0	0.000166685141572
K03933	L12_7	939811	1.0	0.229753016	0.229753016	1.0	0.00187671567714
K03933	L12_B	797229	1.0	0.018335167	0.018335167	1.0	0.000149769069199
K03933	L13_7	939811	1.0	0.031201248	0.031201248	1.0	0.000254864429149
K03933	L13_8	939811	1.0	0.160771704	0.160771704	1.0	0.00131324838555
K03933	L13_9	974121	2.0	0.012755102	0.025510204	0.222222222222	0.00020837767707
K03933	L13_9	797229	1.0	0.012755102	0.012755102	0.111111111111	0.000104188838535
K03933	L13_9	939811	1.0	0.076530612	0.076530612	0.666666666667	0.00062513303121
K03933	L14_7	797229	1.0	0.008570449	0.008570449	1.0	7.00068981834e-05
K03933	L14_8	922761	2.0	0.013627691	0.027255382	0.33333332518	0.000222632997714
K03933	L14_8	939811	1.0	0.054510766	0.054510766	0.66666667482	0.000445266011765
K03933	L14_9	939811	1.0	0.031070374	0.031070374	1.0	0.000253795397317
K03933	L16_9	797229	1.0	0.023052098	0.023052098	0.0217391306808	0.000188298871809
K03933	L16_9	939811	1.0	1.037344398	1.037344398	0.978260869319	0.00847344913341
K03933	L16_B	797229	1.0	0.031220731	0.031220731	1.0	0.000255023574183
K03933	L17_8	922761	2.0	0.046129008	0.092258016	0.166666668172	0.000753600836166
K03933	L17_8	326605	1.0	0.030752672	0.030752672	0.0555555560574	0.000251200278722
K03933	L17_8	797229	1.0	0.061505343	0.061505343	0.111111110308	0.000502400549276
K03933	L17_8	646549	2.0	0.030752672	0.061505344	0.111111112115	0.000502400557444
K03933	L17_8	939811	1.0	0.276774044	0.276774044	0.49999999729	0.00226080247582
K03933	L17_8	585394	2.0	0.015376336	0.030752672	0.0555555560574	0.000251200278722
K03933	L17_9	939811	1.0	0.341224142	0.341224142	1.0	0.00278725697647
K03933	L18_9	797229	1.0	0.238186893	0.238186893	0.614906834126	0.00194560699992
K03933	L18_9	939811	1.0	0.149167548	0.149167548	0.385093165874	0.00121846094004
K03933	L18_B	797229	1.0	0.018682858	0.018682858	0.5	0.00015260915009
K03933	L18_B	939811	1.0	0.018682858	0.018682858	0.5	0.00015260915009
K03933	L19_8	797229	1.0	0.008538251	0.008538251	0.0238095228136	6.97438918803e-05
K03933	L19_8	939811	1.0	0.324453552	0.324453552	0.904761905957	0.00265026800581
K03933	L19_8	1104592	1.0	0.025614754	0.025614754	0.0714285712294	0.000209231683809
K03933	L1_B	585394	2.0	0.090785293	0.181570586	1.0	0.00148314207659
K03933	L20_7	256215	1.0	0.013417416	0.013417416	0.00236966827993	0.000109598887502
K03933	L20_7	797229	1.0	5.548101436	5.548101436	0.979857819621	0.0453191393288
K03933	L20_7	939811	1.0	0.06708708	0.06708708	0.0118483413996	0.000547994437512
K03933	L20_7	839235	1.0	0.03354354	0.03354354	0.00592417069982	0.000273997218756
K03933	L20_8	922761	2.0	0.017471827	0.034943654	0.00389105065471	0.000285433916909
K03933	L20_8	797229	1.0	8.805800646	8.805800646	0.980544746949	0.0719293457377
K03933	L20_8	939811	1.0	0.139774614	0.139774614	0.0155642023962	0.0011417356513
K03933	L20_9	236204	1.0	0.0066346	0.0066346	0.00191387575985	5.41940995959e-05
K03933	L20_9	797229	1.0	3.310665119	3.310665119	0.955023923105	0.027042853403
K03933	L20_9	939811	1.0	0.145961188	0.145961188	0.0421052632551	0.00119227009309
K03933	L20_9	1104592	1.0	0.0033173	0.0033173	0.000956937879925	2.7097049798e-05
K03933	L20_B	797229	1.0	0.305428294	0.305428294	1.0	0.00249486199386
K03933	L3_B	797229	1.0	0.004852484	0.004852484	1.0	3.96370544093e-05
K03933	L4_7	939811	1.0	0.008922996	0.008922996	1.0	7.28866448494e-05
K03933	L4_8	922761	2.0	0.17452007	0.34904014	1.0	0.00285110121336
K03933	L4_9	922761	2.0	0.015723765	0.03144753	0.666666666667	0.000256876160261
K03933	L4_9	939811	1.0	0.015723765	0.015723765	0.333333333333	0.00012843808013
K03933	L5_B	922761	2.0	0.828500414	1.657000828	0.5	0.0135350537942
K03933	L5_B	817734	1.0	0.828500414	0.828500414	0.25	0.00676752689711
K03933	L5_B	646549	2.0	0.414250207	0.828500414	0.25	0.00676752689711
K03933	L6_7	939811	1.0	0.071932096	0.071932096	1.0	0.000587570490273
K03933	L6_B	939811	1.0	2.185730465	2.185730465	1.0	0.0178539315874
K03933	L8_B	939811	1.0	0.059341312	0.059341312	1.0	0.000484723867706
K03933	L9_7	922761	2.0	0.010551862	0.021103724	0.105263154744	0.00017238376395
K03933	L9_7	817734	1.0	0.010551862	0.010551862	0.0526315773722	8.61918819749e-05
K03933	L9_7	939811	1.0	0.126622348	0.126622348	0.631578948419	0.00103430261637
K03933	L9_7	839235	1.0	0.04220745	0.04220745	0.210526319465	0.000344767544236
K03933	L9_8	939811	1.0	0.019391118	0.019391118	1.0	0.000158394504592
K03933	L9_9	922761	2.0	0.009044044	0.018088088	0.0689655143489	0.000147750827868
K03933	L9_9	797229	1.0	0.036176178	0.036176178	0.137931036323	0.000295501672073
K03933	L9_9	817734	1.0	0.009044044	0.009044044	0.0344827571745	7.38754139339e-05
K03933	L9_9	646549	2.0	0.018088088	0.036176176	0.137931028698	0.000295501655736
K03933	L9_9	939811	1.0	0.144704712	0.144704712	0.551724145294	0.00118200668829
K03933	L9_9	839235	1.0	0.018088089	0.018088089	0.0689655181617	0.000147750836036
K03933	S16_4	797229	1.0	1.200222006	1.200222006	0.508823529252	0.00980389939565
K03933	S16_4	939811	1.0	1.137782712	1.137782712	0.482352941496	0.00929386995639
K03933	S16_4	839235	1.0	0.020813098	0.020813098	0.00882352925216	0.000170009813088
K03933	S16_5	797229	1.0	2.638471239	2.638471239	0.666666666582	0.0215521015747
K03933	S16_5	939811	1.0	1.31923562	1.31923562	0.333333333418	0.0107760507914
K03933	S16_A	922761	2.0	0.236616386	0.473232772	0.800000001352	0.00386555692549
K03933	S16_A	646549	2.0	0.029577048	0.059154096	0.0999999993238	0.000483194611602
K03933	S16_A	839235	1.0	0.007394262	0.007394262	0.0124999999155	6.03993264502e-05
K03933	S16_A	836783	1.0	0.051759834	0.051759834	0.0874999994083	0.000422795285151
K03933	S17_4	797229	1.0	0.020913939	0.020913939	0.00520833329831	0.000170833523213
K03933	S17_4	939811	1.0	3.785422984	3.785422984	0.94270833322	0.0309208679058
K03933	S17_4	585394	2.0	0.104569696	0.209139392	0.0520833334812	0.00170833524847
K03933	S17_5	797229	1.0	0.096548395	0.096548395	0.106666666681	0.000788646389301
K03933	S17_5	939811	1.0	0.808592808	0.808592808	0.893333333319	0.00660491350938
K03933	S17_6	797229	1.0	3.854646004	3.854646004	0.773178807839	0.0314863095662
K03933	S17_6	817734	1.0	0.00825406	0.00825406	0.00165562914571	6.74225047042e-05
K03933	S17_6	939811	1.0	1.106044036	1.106044036	0.221854304723	0.0090346155977
K03933	S17_6	839235	1.0	0.01650812	0.01650812	0.00331125829143	0.000134845009408
K03933	S17_A	797229	1.0	0.202713239	0.202713239	0.764705883241	0.00165584382838
K03933	S17_A	585394	2.0	0.031186652	0.062373304	0.235294116759	0.000509490406219
K03933	S18_4	797229	1.0	0.187211982	0.187211982	0.0872483223166	0.0015292232837
K03933	S18_4	939811	1.0	1.958525346	1.958525346	0.912751677683	0.0159980281648
K03933	S18_5	939811	1.0	0.887978143	0.887978143	1.0	0.00725336507412
K03933	S18_6	877752	1.0	0.021523892	0.021523892	0.00325732906318	0.000175815866328
K03933	S18_6	939811	1.0	6.586310804	6.586310804	0.996742670937	0.0537996538875
K03933	S18_A	974121	2.0	0.038716338	0.077432676	0.00545124162899	0.000632501455268
K03933	S18_A	797229	1.0	14.06693625	14.06693625	0.990308903677	0.114904431939
K03933	S18_A	939811	1.0	0.060225416	0.060225416	0.00423985469419	0.000491945587211
K03933	S19_4	939811	1.0	0.289473684	0.289473684	1.0	0.00236453827828
K03933	S19_5	877752	1.0	0.007147452	0.007147452	0.00512820516868	5.83832824202e-05
K03933	S19_5	797229	1.0	0.142949039	0.142949039	0.102564102656	0.00116766564024
K03933	S19_5	817734	1.0	0.021442356	0.021442356	0.015384615506	0.000175149847261
K03933	S19_5	646549	2.0	0.042884712	0.085769424	0.0615384620241	0.000700599389043
K03933	S19_5	939811	1.0	1.115002502	1.115002502	0.799999999139	0.00910779197587
K03933	S19_5	839235	1.0	0.021442356	0.021442356	0.015384615506	0.000175149847261
K03933	S19_6	797229	1.0	0.050745322	0.050745322	0.0126182965504	0.000414508340291
K03933	S19_6	646549	2.0	0.006343165	0.01268633	0.00315457401326	0.000103627080989
K03933	S19_6	939811	1.0	3.95813511	3.95813511	0.984227129436	0.0323316504937
K03933	S19_A	922761	2.0	0.048854148	0.097708296	0.209523809115	0.000798120930391
K03933	S19_A	797229	1.0	0.159886303	0.159886303	0.342857143163	0.00130601607163
K03933	S19_A	646549	2.0	0.075501865	0.15100373	0.323809522788	0.00123345961821
K03933	S19_A	839235	1.0	0.057736721	0.057736721	0.123809524933	0.000471616918611
K03933	S20_1_4	922761	2.0	0.031658093	0.063316186	0.0118203311229	0.000517192248232
K03933	S20_1_4	974121	2.0	0.037989711	0.075979422	0.0141843971234	0.000620630688076
K03933	S20_1_4	797229	1.0	0.528690146	0.528690146	0.0986997635503	0.00431855521474
K03933	S20_1_4	646549	2.0	0.058567471	0.117134942	0.0218676121852	0.000956805642075
K03933	S20_1_4	939811	1.0	4.565096952	4.565096952	0.852245863018	0.0372895606188
K03933	S20_1_4	585394	2.0	0.003165809	0.006331618	0.00118203300027	5.17192199221e-05
K03933	S20_1_5	256215	1.0	0.012975638	0.012975638	0.0014169323151	0.000105990265893
K03933	S20_1_5	797229	1.0	0.038926915	0.038926915	0.0042507970545	0.000317970805847
K03933	S20_1_5	646549	2.0	0.022707368	0.045414736	0.00495926343045	0.00037096595513
K03933	S20_1_5	939811	1.0	9.05699549	9.05699549	0.989018774067	0.0739812069492
K03933	S20_1_5	1104592	1.0	0.00324391	0.00324391	0.000354233133375	2.64975705574e-05
K03933	S20_1_6	797229	1.0	0.074242292	0.074242292	0.0187431091789	0.000606441106755
K03933	S20_1_6	939811	1.0	3.88680234	3.88680234	0.981256890821	0.0317489755409
K03933	S20_1_A	974121	2.0	0.025392526	0.050785052	0.144578312567	0.000414832871021
K03933	S20_1_A	797229	1.0	0.245461086	0.245461086	0.698795181203	0.00200502555416
K03933	S20_1_A	426919	1.0	0.029624614	0.029624614	0.0843373499464	0.000241985844151
K03933	S20_1_A	817734	1.0	0.025392526	0.025392526	0.0722891562835	0.00020741643551
K03933	S20_2_4	797229	1.0	0.074349442	0.074349442	0.0588235291325	0.000607316351347
K03933	S20_2_4	939811	1.0	1.189591078	1.189591078	0.941176470867	0.00971706167057
K03933	S20_2_5	974121	2.0	0.009133254	0.018266508	0.00472813229592	0.000149208234682
K03933	S20_2_5	797229	1.0	0.036533017	0.036533017	0.00945626485068	0.000298416477533
K03933	S20_2_5	817734	1.0	0.009133254	0.009133254	0.00236406614796	7.46041173411e-05
K03933	S20_2_5	646549	2.0	0.018266508	0.036533016	0.00945626459184	0.000298416469364
K03933	S20_2_5	939811	1.0	3.708101196	3.708101196	0.959810874708	0.0302892722286
K03933	S20_2_5	164660	2.0	0.027399763	0.054799526	0.0141843974054	0.000447624720383
K03933	S20_2_6	326605	1.0	0.008827684	0.008827684	0.00396825414307	7.21080978352e-05
K03933	S20_2_6	797229	1.0	0.013241525	0.013241525	0.00595238076508	0.000108162138584
K03933	S20_2_6	817734	1.0	0.013241525	0.013241525	0.00595238076508	0.000108162138584
K03933	S20_2_6	939811	1.0	2.189265536	2.189265536	0.984126984327	0.017882807479
K03933	S20_2_A	974121	2.0	0.059772863	0.119545726	0.158730158266	0.000976497902076
K03933	S20_2_A	797229	1.0	0.549910341	0.549910341	0.730158729885	0.00449189036098
K03933	S20_2_A	839235	1.0	0.011954573	0.011954573	0.0158730163578	9.76497934749e-05
K03933	S20_2_A	573270	1.0	0.071727436	0.071727436	0.095238095491	0.000585898744513
K03933	S20_3_4	797229	1.0	0.034581136	0.034581136	0.0217391304348	0.000282472723077
K03933	S20_3_4	939811	1.0	1.55615112	1.55615112	0.978260869565	0.0127112725385
K03933	S20_3_5	797229	1.0	0.055637982	0.055637982	0.0197368420352	0.000454473568538
K03933	S20_3_5	939811	1.0	2.763353116	2.763353116	0.980263157965	0.0225721873191
K03933	S20_3_6	797229	1.0	0.036950363	0.036950363	0.0232558137486	0.000301825528672
K03933	S20_3_6	939811	1.0	1.527281684	1.527281684	0.961240309999	0.012475455294
K03933	S20_3_6	585394	2.0	0.012316788	0.024633576	0.015503876252	0.00020121702456
K03933	S20_3_A	922761	2.0	0.201235168	0.402470336	0.135831382018	0.00328754069177
K03933	S20_3_A	326605	1.0	1.308028589	1.308028589	0.441451990545	0.0106845072237
K03933	S20_3_A	974121	2.0	0.159600305	0.31920061	0.10772833702	0.00260735984828
K03933	S20_3_A	797229	1.0	0.117965443	0.117965443	0.0398126463487	0.000963589510569
K03933	S20_3_A	817734	1.0	0.124904587	0.124904587	0.0421545668214	0.00102027124889
K03933	S20_3_A	646549	2.0	0.052043578	0.104087156	0.0351288057407	0.000850226042101
K03933	S20_3_A	839235	1.0	0.405939907	0.405939907	0.137002341916	0.00331588155276
K03933	S20_3_A	836783	1.0	0.180417736	0.180417736	0.0608899295906	0.00147372513093
K03933	S20_4_4	797229	1.0	0.076533053	0.076533053	0.0377358491962	0.000625152970287
K03933	S20_4_4	939811	1.0	1.951592844	1.951592844	0.962264150804	0.015941400681
K03933	S20_4_5	797229	1.0	0.131685575	0.131685575	0.0407523510002	0.00107566110495
K03933	S20_4_5	939811	1.0	3.09967585	3.09967585	0.959247649	0.0253194076101
K03933	S20_4_6	797229	1.0	0.030179568	0.030179568	0.0322580641024	0.000246518933162
K03933	S20_4_6	939811	1.0	0.905387052	0.905387052	0.967741935898	0.00739556809287
K03933	S20_4_A	974121	2.0	0.00825355	0.0165071	0.0218579260153	0.000134836677635
K03933	S20_4_A	797229	1.0	0.718058765	0.718058765	0.950819669114	0.00586539478283
K03933	S20_4_A	839235	1.0	0.020633873	0.020633873	0.0273224048709	0.000168545830707
K03933	S16_6	974121	2.0	0.02611958	0.05223916	0.0171606863014	0.000426710614031
K03933	S16_6	797229	1.0	1.210998718	1.210998718	0.397815912641	0.00989192794348
K03933	S16_6	646549	2.0	0.047490146	0.094980292	0.0312012481791	0.000775837488967
K03933	S16_6	939811	1.0	1.669278625	1.669278625	0.54836193448	0.0136353438122
K03933	S16_6	839235	1.0	0.007123522	0.007123522	0.00234009364628	5.81878124893e-05
K03933	S16_6	1104592	1.0	0.009498029	0.009498029	0.00312012475221	7.7583747263e-05
K01183	L0_7	4424725	1.0	0.029620853	0.029620853	0.142857142857	9.87046001216e-06
K01183	L0_7	939811	3.0	0.029620853	0.088862559	0.428571428571	2.96113800365e-05
K01183	L0_7	328043	3.0	0.029620853	0.088862559	0.428571428571	2.96113800365e-05
K01183	L0_8	939811	3.0	0.036873156	0.110619468	0.6	3.68613636974e-05
K01183	L0_8	836783	2.0	0.036873156	0.073746312	0.4	2.45742424649e-05
K01183	L0_9	4424725	1.0	0.030921459	0.030921459	0.142857142857	1.03038566978e-05
K01183	L0_9	316869	3.0	0.030921459	0.092764377	0.428571428571	3.09115700933e-05
K01183	L0_9	939811	3.0	0.030921459	0.092764377	0.428571428571	3.09115700933e-05
K01183	L0_B	316869	3.0	0.074092368	0.222277104	0.473684210526	7.40686727236e-05
K01183	L0_B	328043	3.0	0.049394912	0.148184736	0.315789473684	4.93791151491e-05
K01183	L0_B	79309	2.0	0.049394912	0.098789824	0.210526315789	3.29194100994e-05
K01183	L10_7	4424725	1.0	0.00699888	0.00699888	0.00243902432905	2.33221390248e-06
K01183	L10_7	797229	1.0	0.00699888	0.00699888	0.00243902432905	2.33221390248e-06
K01183	L10_7	275246	3.0	0.713885778	2.141657334	0.746341463506	0.000713657472153
K01183	L10_7	939811	3.0	0.209966406	0.629899218	0.219512195887	0.000209899257221
K01183	L10_7	1010927	3.0	0.02799552	0.08398656	0.0292682919486	2.79865668298e-05
K01183	L10_8	275246	3.0	1.339060132	4.017180396	0.929824561428	0.00133863189086
K01183	L10_8	939811	3.0	0.101061142	0.303183426	0.0701754385721	0.000101028821914
K01183	L10_9	275246	3.0	1.36383009	4.09149027	0.880733944776	0.00136339392725
K01183	L10_9	939811	3.0	0.170478762	0.511436286	0.110091743581	0.000170424241656
K01183	L10_9	585394	3.0	0.014206563	0.042619689	0.00917431164223	1.42020196382e-05
K01183	L10_B	275246	3.0	0.305004852	0.915014556	1.0	0.000304907309237
K01183	L11_7	275246	3.0	0.316725546	0.950176638	1.0	0.000316624254874
K01183	L11_8	797229	1.0	0.005360206	0.005360206	0.00377358503318	1.78616392242e-06
K01183	L11_8	275246	3.0	0.375214408	1.125643224	0.792452831623	0.000375094411712
K01183	L11_8	939811	3.0	0.042881646	0.128644938	0.0905660365723	4.28679321388e-05
K01183	L11_8	1010927	3.0	0.053602058	0.160806174	0.113207546771	5.35849156733e-05
K01183	L11_9	797229	1.0	0.00530307	0.00530307	0.00169491510364	1.76712467992e-06
K01183	L11_9	275246	3.0	0.869703558	2.609110674	0.83389830578	0.000869425420498
K01183	L11_9	554415	1.0	0.00530307	0.00530307	0.00169491510364	1.76712467992e-06
K01183	L11_9	646549	1.0	0.01060614	0.01060614	0.00338983020728	3.53424935985e-06
K01183	L11_9	939811	3.0	0.127273692	0.381821076	0.122033898968	0.000127232988951
K01183	L11_9	1010927	3.0	0.01060614	0.03181842	0.0101694906218	1.06027480795e-05
K01183	L11_9	1033018	2.0	0.042424564	0.084849128	0.0271186442151	2.82739975446e-05
K01183	L11_B	275246	3.0	0.173451689	0.520355067	0.531249998277	0.000173396217893
K01183	L11_B	208171	3.0	0.142842568	0.428527704	0.437500000383	0.000142796885911
K01183	L11_B	585394	3.0	0.010203041	0.030609123	0.03125000134	1.01997779935e-05
K01183	L12_7	275246	3.0	2.642159678	7.926479034	0.859813083838	0.00264131469618
K01183	L12_7	939811	3.0	0.229753016	0.689259048	0.0747663552862	0.00022967953932
K01183	L12_7	1010927	3.0	0.172314762	0.516944286	0.0560747664646	0.00017225965449
K01183	L12_7	208171	3.0	0.028719127	0.086157381	0.00934579441077	2.8709942415e-05
K01183	L12_9	275246	3.0	5.148658448	15.445975344	1.0	0.00514701186971
K01183	L12_B	797229	1.0	0.018335167	0.018335167	0.0126582279005	6.10976776023e-06
K01183	L12_B	275246	3.0	0.366703338	1.100110014	0.75949366989	0.000366586063614
K01183	L12_B	208171	3.0	0.110011002	0.330033006	0.22784810221	0.000109975819684
K01183	L13_7	939811	3.0	0.031201248	0.093603744	0.75	3.11912696147e-05
K01183	L13_7	746675	2.0	0.015600624	0.031201248	0.25	1.03970898716e-05
K01183	L13_8	275246	3.0	0.341639872	1.024919616	0.629629630312	0.000341530613092
K01183	L13_8	939811	3.0	0.160771704	0.482315112	0.29629629575	0.000160720288044
K01183	L13_8	1010927	3.0	0.040192926	0.120578778	0.0740740739376	4.01800720109e-05
K01183	L13_9	974121	2.0	0.012755102	0.025510204	0.0392156862745	8.50068188395e-06
K01183	L13_9	797229	1.0	0.012755102	0.012755102	0.0196078431373	4.25034094197e-06
K01183	L13_9	275246	3.0	0.025510204	0.076530612	0.117647058824	2.55020456518e-05
K01183	L13_9	939811	3.0	0.076530612	0.229591836	0.352941176471	7.65061369555e-05
K01183	L13_9	1010927	3.0	0.076530612	0.229591836	0.352941176471	7.65061369555e-05
K01183	L13_9	208171	3.0	0.025510204	0.076530612	0.117647058824	2.55020456518e-05
K01183	L13_B	275246	3.0	0.035688794	0.107066382	1.0	3.5677380465e-05
K01183	L14_7	797229	1.0	0.008570449	0.008570449	0.0117647057855	2.85590270276e-06
K01183	L14_7	275246	3.0	0.239972574	0.719917722	0.988235294215	0.000239895829031
K01183	L14_8	922761	1.0	0.013627691	0.013627691	0.0149253726439	4.54111092188e-06
K01183	L14_8	275246	3.0	0.245298446	0.735895338	0.805970149058	0.000245219997779
K01183	L14_8	939811	3.0	0.054510766	0.163532298	0.179104478298	5.44933330619e-05
K01183	L14_9	275246	3.0	0.248562996	0.745688988	0.888888890478	0.000248483503752
K01183	L14_9	939811	3.0	0.031070374	0.093211122	0.111111109522	3.10604374692e-05
K01183	L14_B	275246	3.0	0.084358524	0.253075572	0.571428571429	8.43315455325e-05
K01183	L14_B	208171	3.0	0.063268893	0.189806679	0.428571428571	6.32486591494e-05
K01183	L16_9	797229	1.0	0.023052098	0.023052098	0.00128287365151	7.68157525732e-06
K01183	L16_9	275246	3.0	4.933148916	14.799446748	0.823604874921	0.00493157125922
K01183	L16_9	939811	3.0	1.037344398	3.112033194	0.173187940951	0.00103701264774
K01183	L16_9	4481782	3.0	0.011526049	0.034578147	0.00192431047727	1.1522362886e-05
K01183	L16_B	797229	1.0	0.031220731	0.031220731	0.0370370376522	1.0403582128e-05
K01183	L16_B	275246	3.0	0.270579664	0.811738992	0.962962962348	0.000270493130662
K01183	L1_7	4424725	1.0	0.063572791	0.063572791	0.25	2.11841533202e-05
K01183	L1_7	316869	3.0	0.063572791	0.190718373	0.75	6.35524599606e-05
K01183	L17_8	922761	1.0	0.046129008	0.046129008	0.00523560215545	1.53714185363e-05
K01183	L17_8	797229	1.0	0.061505343	0.061505343	0.00698080276043	2.04952243818e-05
K01183	L17_8	275246	3.0	2.53709541	7.61128623	0.863874345434	0.0025362840285
K01183	L17_8	646549	1.0	0.030752672	0.030752672	0.00349040143696	1.02476123575e-05
K01183	L17_8	939811	3.0	0.276774044	0.830322132	0.0942408374361	0.000276685529654
K01183	L17_8	1010927	3.0	0.030752672	0.092258016	0.0104712043109	3.07428370726e-05
K01183	L17_8	208171	3.0	0.007688168	0.023064504	0.00261780107772	7.68570926814e-06
K01183	L17_8	4481782	3.0	0.023064504	0.069193512	0.00785340323317	2.30571278044e-05
K01183	L17_8	585394	3.0	0.015376336	0.046129008	0.00523560215545	1.53714185363e-05
K01183	L17_9	275246	3.0	0.19193858	0.57581574	0.339622642444	0.000191877196651
K01183	L17_9	939811	3.0	0.341224142	1.023672426	0.603773586174	0.000341115016046
K01183	L17_9	1010927	3.0	0.021326508	0.063979524	0.0377358475876	2.13196876281e-05
K01183	L17_9	208171	3.0	0.010663254	0.031989762	0.0188679237938	1.06598438141e-05
K01183	L1_8	316869	3.0	0.145645208	0.436935624	0.652173912849	0.000145598629607
K01183	L1_8	328043	3.0	0.058258083	0.174774249	0.260869564244	5.82394516427e-05
K01183	L1_8	79309	2.0	0.029129042	0.058258084	0.0869565229073	1.94131508808e-05
K01183	L18_9	2353709	2.0	0.033682995	0.06736599	0.0134486071492	2.24481486227e-05
K01183	L18_9	797229	1.0	0.238186893	0.238186893	0.0475504323776	7.93702397017e-05
K01183	L18_9	275246	3.0	1.34250794	4.02752382	0.804034582424	0.00134207859623
K01183	L18_9	939811	3.0	0.149167548	0.447502644	0.0893371752926	0.000149119843137
K01183	L18_9	325947	2.0	0.110672698	0.221345396	0.0441882806901	7.37582027126e-05
K01183	L18_9	741010	3.0	0.002405928	0.007217784	0.00144092206622	2.40515856679e-06
K01183	L18_B	797229	1.0	0.018682858	0.018682858	0.0384615379865	6.22562769553e-06
K01183	L18_B	275246	3.0	0.11209715	0.33629145	0.692307696108	0.000112061300519
K01183	L18_B	939811	3.0	0.018682858	0.056048574	0.115384613959	1.86768830866e-05
K01183	L18_B	208171	3.0	0.018682858	0.056048574	0.115384613959	1.86768830866e-05
K01183	L18_B	325947	2.0	0.009341429	0.018682858	0.0384615379865	6.22562769553e-06
K01183	L1_9	316869	3.0	0.248911014	0.746733042	1.0	0.000248831410453
K01183	L19_8	797229	1.0	0.008538251	0.008538251	0.00178890868882	2.84517346848e-06
K01183	L19_8	275246	3.0	1.2465847	3.7397541	0.783542039644	0.00124618603318
K01183	L19_8	939811	3.0	0.324453552	0.973360656	0.203935599325	0.000324349789402
K01183	L19_8	1104592	1.0	0.025614754	0.025614754	0.00536672627597	8.53552073866e-06
K01183	L19_8	741010	3.0	0.008538251	0.025614753	0.00536672606645	8.53552040544e-06
K01183	L19_B	275246	3.0	0.055284254	0.165852762	0.600000008682	5.52665736948e-05
K01183	L19_B	208171	3.0	0.036856168	0.110568504	0.399999991318	3.68443811303e-05
K01183	L1_B	275246	3.0	0.226963232	0.680889696	0.555555556371	0.000226890647513
K01183	L1_B	208171	3.0	0.045392646	0.136177938	0.111111110295	4.53781291028e-05
K01183	L1_B	328043	3.0	0.045392646	0.136177938	0.111111110295	4.53781291028e-05
K01183	L1_B	585394	3.0	0.090785293	0.272355879	0.222222223038	9.07562592052e-05
K01183	L20_7	797229	1.0	5.548101436	5.548101436	0.651181102297	0.00184877570431
K01183	L20_7	275246	3.0	0.898966858	2.696900574	0.316535432674	0.000898679361882
K01183	L20_7	939811	3.0	0.06708708	0.20126124	0.0236220475823	6.70656250655e-05
K01183	L20_7	839235	1.0	0.03354354	0.03354354	0.00393700793039	1.11776041776e-05
K01183	L20_7	741010	3.0	0.013417416	0.040252248	0.00472440951647	1.34131250131e-05
K01183	L20_8	922761	1.0	0.017471827	0.017471827	0.00126742714629	5.82207979436e-06
K01183	L20_8	797229	1.0	8.805800646	8.805800646	0.63878326998	0.00293432816237
K01183	L20_8	275246	3.0	1.502577094	4.507731282	0.32699619765	0.00150209655895
K01183	L20_8	554415	1.0	0.008735913	0.008735913	0.000633713536876	2.91103973057e-06
K01183	L20_8	939811	3.0	0.139774614	0.419323842	0.0304182510758	0.000139729913065
K01183	L20_8	4481782	3.0	0.008735913	0.026207739	0.00190114061063	8.7331191917e-06
K01183	L20_9	797229	1.0	3.310665119	3.310665119	0.403232322846	0.00110320211477
K01183	L20_9	275246	3.0	1.446342678	4.339028034	0.528484848257	0.00144588012713
K01183	L20_9	939811	3.0	0.145961188	0.437883564	0.0533333334243	0.000145914508554
K01183	L20_9	1010927	3.0	0.033172998	0.099518994	0.0121212124076	3.31623890348e-05
K01183	L20_9	1033018	2.0	0.0099519	0.0199038	0.00242424262768	6.63247820683e-06
K01183	L20_9	1104592	1.0	0.0033173	0.0033173	0.000404040437947	1.10541303447e-06
K01183	L20_B	797229	1.0	0.305428294	0.305428294	0.247191011291	0.000101776871939
K01183	L20_B	275246	3.0	0.277662086	0.832986258	0.674157304844	0.000277573287652
K01183	L20_B	1074016	2.0	0.027766208	0.055532416	0.0449438193517	1.85048854436e-05
K01183	L20_B	741010	3.0	0.013883104	0.041649312	0.0337078645138	1.38786640827e-05
K01183	L2_B	275246	3.0	0.182982616	0.548947848	1.0	0.000182924096833
K01183	L3_B	797229	1.0	0.004852484	0.004852484	1.0	1.61697738015e-06
K01183	L4_7	4424725	1.0	0.014871658	0.014871658	0.00783699078889	4.95563397866e-06
K01183	L4_7	275246	3.0	0.594866304	1.784598912	0.940438869372	0.000594676061444
K01183	L4_7	939811	3.0	0.008922996	0.026768988	0.0141065853171	8.9201423612e-06
K01183	L4_7	1010927	3.0	0.023794652	0.071383956	0.0376175545219	2.37870422978e-05
K01183	L4_8	922761	1.0	0.17452007	0.17452007	0.0294117647356	5.81547524055e-05
K01183	L4_8	275246	3.0	1.919720768	5.759162304	0.970588235264	0.00191910682738
K01183	L4_9	922761	1.0	0.015723765	0.015723765	0.00190621427096	5.23957880866e-06
K01183	L4_9	4424725	1.0	0.053460801	0.053460801	0.00648112852127	1.78145679494e-05
K01183	L4_9	275246	3.0	2.69190855	8.07572565	0.979031643019	0.00269104765813
K01183	L4_9	939811	3.0	0.015723765	0.047171295	0.00571864281289	1.5718736426e-05
K01183	L4_9	208171	3.0	0.018868518	0.056605554	0.00686237137546	1.88624837112e-05
K01183	L5_B	922761	1.0	0.828500414	0.828500414	0.270270270164	0.000276078484521
K01183	L5_B	275246	3.0	0.331400166	0.994200498	0.324324324589	0.000331294181825
K01183	L5_B	817734	1.0	0.828500414	0.828500414	0.270270270164	0.000276078484521
K01183	L5_B	646549	1.0	0.414250207	0.414250207	0.135135135082	0.00013803924226
K01183	L6_7	275246	3.0	0.028772838	0.086318514	0.285714282877	2.87636362378e-05
K01183	L6_7	939811	3.0	0.071932096	0.215796288	0.714285717123	7.19090915943e-05
K01183	L6_B	4424725	1.0	0.475651189	0.475651189	0.00556070435275	0.000158499690767
K01183	L6_B	275246	3.0	25.9569649	77.8708947	0.91036674169	0.0259486636745
K01183	L6_B	939811	3.0	2.185730465	6.557191395	0.0766582814786	0.00218503145255
K01183	L6_B	208171	3.0	0.06795017	0.20385051	0.00238315901333	6.79284390431e-05
K01183	L6_B	4481782	3.0	0.06795017	0.20385051	0.00238315901333	6.79284390431e-05
K01183	L6_B	79309	2.0	0.113250283	0.226500566	0.00264795445147	7.5476043159e-05
K01183	L8_9	4424725	1.0	0.420168067	0.420168067	0.27999999968	0.000140011231402
K01183	L8_9	275246	3.0	0.360144058	1.080432174	0.72000000032	0.00036002888132
K01183	L8_B	939811	3.0	0.059341312	0.178023936	1.0	5.93223342183e-05
K01183	L9_7	922761	1.0	0.010551862	0.010551862	0.00234192028479	3.51616247935e-06
K01183	L9_7	4424725	1.0	0.073863037	0.073863037	0.0163934426593	2.46131383551e-05
K01183	L9_7	275246	3.0	1.287327214	3.861981642	0.857142857523	0.00128691551743
K01183	L9_7	817734	1.0	0.010551862	0.010551862	0.00234192028479	3.51616247935e-06
K01183	L9_7	939811	3.0	0.126622348	0.379867044	0.0843091329156	0.000126581853255
K01183	L9_7	1010927	3.0	0.04220745	0.12662235	0.0281030447491	4.21939517515e-05
K01183	L9_7	839235	1.0	0.04220745	0.04220745	0.00936768158303	1.40646505838e-05
K01183	L9_8	275246	3.0	0.077564476	0.232693428	0.800000008251	7.75396703183e-05
K01183	L9_8	939811	3.0	0.019391118	0.058173354	0.199999991749	1.93849165799e-05
K01183	L9_9	922761	1.0	0.009044044	0.009044044	0.00314465391967	3.01371721639e-06
K01183	L9_9	4424725	1.0	0.235145157	0.235145157	0.0817610064315	7.83566519581e-05
K01183	L9_9	797229	1.0	0.036176178	0.036176178	0.0125786163741	1.2054869532e-05
K01183	L9_9	275246	3.0	0.596906936	1.790720808	0.622641509473	0.000596716040835
K01183	L9_9	817734	1.0	0.009044044	0.009044044	0.00314465391967	3.01371721639e-06
K01183	L9_9	646549	1.0	0.018088088	0.018088088	0.00628930783933	6.02743443278e-06
K01183	L9_9	939811	3.0	0.144704712	0.434114136	0.150943396489	0.000144658434384
K01183	L9_9	1010927	3.0	0.108528534	0.325585602	0.113207547367	0.000108493825788
K01183	L9_9	839235	1.0	0.018088089	0.018088089	0.00628930818703	6.02743476601e-06
K01183	L9_B	275246	3.0	0.473884826	1.421654478	0.867924528786	0.000473733274197
K01183	L9_B	208171	3.0	0.05150922	0.15452766	0.0943396222959	5.14927469781e-05
K01183	L9_B	328043	3.0	0.020603688	0.061811064	0.0377358489184	2.05970987912e-05
K01183	S16_4	797229	1.0	1.200222006	1.200222006	0.0144733539663	0.000399946055434
K01183	S16_4	275246	3.0	24.850839459	74.552518377	0.899021166212	0.0248428919804
K01183	S16_4	1074016	2.0	0.027750798	0.055501596	0.000669288048866	1.84946153958e-05
K01183	S16_4	939811	3.0	1.137782712	3.413348136	0.0411612147882	0.00113741884084
K01183	S16_4	1010927	3.0	0.985153324	2.955459972	0.0356395884212	0.000984838264826
K01183	S16_4	839235	1.0	0.020813098	0.020813098	0.000250983012295	6.9354806068e-06
K01183	S16_4	208171	3.0	0.235881781	0.707645343	0.00853342255068	0.000235806344297
K01183	S16_4	741010	3.0	0.006937699	0.020813097	0.000250983000236	6.93548027357e-06
K01183	S16_5	797229	1.0	2.638471239	2.638471239	0.0366478038203	0.000879209145591
K01183	S16_5	275246	3.0	21.049568344	63.148705032	0.877122069518	0.0210428365395
K01183	S16_5	939811	3.0	1.31923562	3.95770686	0.0549717057512	0.00131881371889
K01183	S16_5	1010927	3.0	0.601416238	1.804248714	0.025060630541	0.000601223900727
K01183	S16_5	1033018	2.0	0.019400524	0.038801048	0.000538938296581	1.29295463812e-05
K01183	S16_5	208171	3.0	0.135803667	0.407411001	0.00565885207243	0.000135760236003
K01183	S16_A	922761	1.0	0.236616386	0.236616386	0.0414507772765	7.88469047882e-05
K01183	S16_A	941487	2.0	0.051759834	0.103519668	0.0181347149052	3.44955205533e-05
K01183	S16_A	275246	3.0	1.671103224	5.013309672	0.878238342429	0.00167056879308
K01183	S16_A	646549	1.0	0.029577048	0.029577048	0.00518134711577	9.85586301522e-06
K01183	S16_A	906197	1.0	0.022182786	0.022182786	0.00388601033683	7.39189726141e-06
K01183	S16_A	839235	1.0	0.007394262	0.007394262	0.00129533677894	2.4639657538e-06
K01183	S16_A	581409	2.0	0.007394262	0.014788524	0.00259067355788	4.92793150761e-06
K01183	S16_A	1033018	2.0	0.022182786	0.044365572	0.00777202067365	1.47837945228e-05
K01183	S16_A	836783	2.0	0.051759834	0.103519668	0.0181347149052	3.44955205533e-05
K01183	S16_A	208171	3.0	0.044365572	0.133096716	0.023316062021	4.43513835685e-05
K01183	S17_4	797229	1.0	0.020913939	0.020913939	9.53197972795e-05	6.96908352357e-06
K01183	S17_4	275246	3.0	68.681376139	206.044128417	0.939090649128	0.068659411337
K01183	S17_4	939811	3.0	3.785422984	11.356268952	0.0517586502646	0.00378421237829
K01183	S17_4	1010927	3.0	0.376450904	1.129352712	0.00514726908044	0.000376330512272
K01183	S17_4	746675	2.0	0.020913939	0.041827878	0.000190639594559	1.39381670471e-05
K01183	S17_4	208171	3.0	0.135940605	0.407821815	0.00185873606746	0.000135897130209
K01183	S17_4	4481782	3.0	0.031370909	0.094112727	0.000428939094594	3.13608763559e-05
K01183	S17_4	585394	3.0	0.104569696	0.313709088	0.00142979697287	0.000104536253853
K01183	S17_5	797229	1.0	0.096548395	0.096548395	0.000888099468268	3.21725060411e-05
K01183	S17_5	275246	3.0	34.322954377	102.968863131	0.947158081652	0.0343119776474
K01183	S17_5	939811	3.0	0.808592808	2.425778424	0.0223134991368	0.000808334214159
K01183	S17_5	1010927	3.0	0.657735941	1.973207823	0.0181505328844	0.000657525592278
K01183	S17_5	208171	3.0	0.416364953	1.249094859	0.0114897868586	0.00041623179647
K01183	S17_6	797229	1.0	3.854646004	3.854646004	0.243832397834	0.00128447108676
K01183	S17_6	275246	3.0	2.45145581	7.35436743	0.465213418599	0.00245067181666
K01183	S17_6	817734	1.0	0.00825406	0.00825406	0.000522125051063	2.75047343059e-06
K01183	S17_6	939811	3.0	1.106044036	3.318132108	0.209894269768	0.0011056903151
K01183	S17_6	1010927	3.0	0.309527248	0.928581744	0.058739067865	0.000309428258942
K01183	S17_6	839235	1.0	0.01650812	0.01650812	0.00104425010213	5.50094686119e-06
K01183	S17_6	208171	3.0	0.109366295	0.328098885	0.0207544707798	0.000109331318866
K01183	S17_A	797229	1.0	0.202713239	0.202713239	0.419354839911	6.75494699456e-05
K01183	S17_A	275246	3.0	0.031186652	0.093559956	0.193548386696	3.11766782826e-05
K01183	S17_A	208171	3.0	0.031186652	0.093559956	0.193548386696	3.11766782826e-05
K01183	S17_A	585394	3.0	0.031186652	0.093559956	0.193548386696	3.11766782826e-05
K01183	S18_4	797229	1.0	0.187211982	0.187211982	0.00330620550064	6.23840367504e-05
K01183	S18_4	275246	3.0	16.417050692	49.251152076	0.869786368195	0.0164118004002
K01183	S18_4	1074016	2.0	0.115207374	0.230414748	0.00406917601709	7.67803532311e-05
K01183	S18_4	939811	3.0	1.958525346	5.875576038	0.1037639878	0.0019578989954
K01183	S18_4	1010927	3.0	0.230414746	0.691244238	0.0122075279453	0.000230341057694
K01183	S18_4	581409	2.0	0.014400922	0.028801844	0.000508647010966	9.5975443205e-06
K01183	S18_4	1033018	2.0	0.028801844	0.057603688	0.00101729402193	1.9195088641e-05
K01183	S18_4	208171	3.0	0.100806452	0.302419356	0.00534079350918	0.000100774213366
K01183	S18_5	275246	3.0	9.68579235	29.05737705	0.857315598471	0.00968269476339
K01183	S18_5	939811	3.0	0.887978143	2.663934429	0.0785973398547	0.000887694161153
K01183	S18_5	1010927	3.0	0.382513662	1.147540986	0.0338573156651	0.000382391331358
K01183	S18_5	208171	3.0	0.31420765	0.94262295	0.027811366357	0.000314107164116
K01183	S18_5	4481782	3.0	0.027322404	0.081967212	0.00241837965243	2.73136660971e-05
K01183	S18_6	877752	1.0	0.021523892	0.021523892	0.000568504844904	7.17233616777e-06
K01183	S18_6	275246	3.0	5.51011623	16.53034869	0.436611711219	0.00550835405489
K01183	S18_6	939811	3.0	6.586310804	19.758932412	0.521887435895	0.00658420445406
K01183	S18_6	1010927	3.0	0.301334482	0.904003446	0.0238772030106	0.000301238113048
K01183	S18_6	208171	3.0	0.215238916	0.645716748	0.0170551450302	0.000215170081034
K01183	S18_A	974121	2.0	0.038716338	0.077432676	0.00402324538668	2.58026374896e-05
K01183	S18_A	4433019	3.0	0.060225415	0.180676245	0.00938757262089	6.02061544757e-05
K01183	S18_A	797229	1.0	14.06693625	14.06693625	0.730889584296	0.00468747918061
K01183	S18_A	275246	3.0	1.393788178	4.181364534	0.21725525244	0.00139334243444
K01183	S18_A	939811	3.0	0.060225416	0.180676248	0.00938757277676	6.02061554754e-05
K01183	S18_A	1010927	3.0	0.051621784	0.154865352	0.00804649077337	5.16052749793e-05
K01183	S18_A	581409	2.0	0.021509077	0.043018154	0.00223513636057	1.43347988275e-05
K01183	S18_A	962736	1.0	0.021509077	0.021509077	0.00111756818029	7.16739941375e-06
K01183	S18_A	1033018	2.0	0.137658092	0.275316184	0.0143048726245	9.17427119629e-05
K01183	S18_A	208171	3.0	0.021509077	0.064527231	0.00335270454086	2.15021982413e-05
K01183	S19_4	275246	3.0	17.986842106	53.960526318	0.932469304229	0.0179810897835
K01183	S19_4	939811	3.0	0.289473684	0.868421052	0.0150068212709	0.000289381108217
K01183	S19_4	1010927	3.0	0.52631579	1.57894737	0.0272851296305	0.000526147470395
K01183	S19_4	208171	3.0	0.486842105	1.460526315	0.0252387448694	0.000486686409366
K01183	S19_5	877752	1.0	0.007147452	0.007147452	9.72006229855e-05	2.38172206435e-06
K01183	S19_5	797229	1.0	0.142949039	0.142949039	0.00194401244611	4.76344409537e-05
K01183	S19_5	275246	3.0	21.4423558	64.3270674	0.87480559871	0.0214354983792
K01183	S19_5	817734	1.0	0.021442356	0.021442356	0.000291601868956	7.14516619304e-06
K01183	S19_5	646549	1.0	0.042884712	0.042884712	0.000583203737913	1.42903323861e-05
K01183	S19_5	939811	3.0	1.115002502	3.345007506	0.0454898911492	0.00111464591612
K01183	S19_5	1010927	3.0	0.95775856	2.87327568	0.0390746501138	0.00095745226187
K01183	S19_5	839235	1.0	0.021442356	0.021442356	0.000291601868956	7.14516619304e-06
K01183	S19_5	581409	2.0	0.007147452	0.014294904	0.000194401245971	4.76344412869e-06
K01183	S19_5	1033018	2.0	0.014294904	0.028589808	0.000388802491942	9.52688825739e-06
K01183	S19_5	208171	3.0	0.893431491	2.680294473	0.0364502332524	0.000893145765133
K01183	S19_5	325947	2.0	0.014294904	0.028589808	0.000388802491942	9.52688825739e-06
K01183	S19_6	797229	1.0	0.050745322	0.050745322	0.00056569085095	1.69096977594e-05
K01183	S19_6	275246	3.0	22.58166825	67.74500475	0.755197284681	0.0225744464688
K01183	S19_6	646549	1.0	0.006343165	0.006343165	7.07113535818e-05	2.11371213662e-06
K01183	S19_6	939811	3.0	3.95813511	11.87440533	0.132371658922	0.0039568692697
K01183	S19_6	1010927	3.0	2.65144307	7.95432921	0.0886720407359	0.00265059511929
K01183	S19_6	208171	3.0	0.67871868	2.03615604	0.0226983453358	0.000678501620846
K01183	S19_6	4481782	3.0	0.006343165	0.019029495	0.000212134060746	6.34113640985e-06
K01183	S19_6	741010	3.0	0.006343165	0.019029495	0.000212134060746	6.34113640985e-06
K01183	S19_A	922761	1.0	0.048854148	0.048854148	0.0421455937045	1.62795080298e-05
K01183	S19_A	797229	1.0	0.159886303	0.159886303	0.137931034334	5.32783900671e-05
K01183	S19_A	275246	3.0	0.22206431	0.66619293	0.574712643777	0.000221993292224
K01183	S19_A	646549	1.0	0.075501865	0.075501865	0.065134099283	2.51592396521e-05
K01183	S19_A	1010927	3.0	0.008882572	0.026647716	0.0229885047159	8.87973128909e-06
K01183	S19_A	839235	1.0	0.057736721	0.057736721	0.0498084294724	1.92394187927e-05
K01183	S19_A	581409	2.0	0.03553029	0.07106058	0.0613026826931	2.36792847705e-05
K01183	S19_A	741010	3.0	0.017765145	0.053295435	0.0459770120198	1.77594635779e-05
K01183	S20_1_4	922761	1.0	0.031658093	0.031658093	0.000153475453526	1.05493228375e-05
K01183	S20_1_4	974121	2.0	0.037989711	0.075979422	0.000368341082644	2.531837441e-05
K01183	S20_1_4	797229	1.0	0.528690146	0.528690146	0.00256304003946	0.00017617368902
K01183	S20_1_4	275246	3.0	58.143252877	174.429758631	0.845619043265	0.0581246582433
K01183	S20_1_4	1074016	2.0	0.074396517	0.148793034	0.000721334616542	4.9581816303e-05
K01183	S20_1_4	646549	1.0	0.058567471	0.058567471	0.000283929583932	1.95162468994e-05
K01183	S20_1_4	939811	3.0	4.565096952	13.695290856	0.0663934803429	0.0045636370009
K01183	S20_1_4	1010927	3.0	2.757419866	8.272259598	0.0401031355074	0.00275653802314
K01183	S20_1_4	581409	2.0	0.006331619	0.012663238	6.13901852886e-05	4.21972940156e-06
K01183	S20_1_4	1033018	2.0	0.079145231	0.158290462	0.000767377253085	5.27466131876e-05
K01183	S20_1_4	746675	2.0	0.069647804	0.139295608	0.000675291989695	4.64170200849e-05
K01183	S20_1_4	208171	3.0	2.817570241	8.452710723	0.0409779455678	0.00281666916161
K01183	S20_1_4	741010	3.0	0.087059755	0.261179265	0.00126617248068	8.70319126593e-05
K01183	S20_1_4	585394	3.0	0.003165809	0.009497427	4.60426316946e-05	3.16479655133e-06
K01183	S20_1_5	797229	1.0	0.038926915	0.038926915	0.00024411082806	1.29714886301e-05
K01183	S20_1_5	275246	3.0	35.566224418	106.698673254	0.669107774939	0.0355548500816
K01183	S20_1_5	646549	1.0	0.022707368	0.022707368	0.000142397988783	7.56670200637e-06
K01183	S20_1_5	906197	1.0	0.009731729	0.009731729	6.10277085826e-05	3.24287224084e-06
K01183	S20_1_5	939811	3.0	9.05699549	27.17098647	0.170389356731	0.00905409899719
K01183	S20_1_5	1010927	3.0	2.73137185	8.19411555	0.0513853289459	0.00273049833748
K01183	S20_1_5	581409	2.0	0.032439096	0.064878192	0.00040685138219	2.1619147828e-05
K01183	S20_1_5	1033018	2.0	0.051902552	0.103805104	0.000650962191436	3.45906354584e-05
K01183	S20_1_5	1104592	1.0	0.00324391	0.00324391	2.03425716179e-05	1.08095752469e-06
K01183	S20_1_5	208171	3.0	5.709280826	17.127842478	0.107408763581	0.00570745495661
K01183	S20_1_5	325947	2.0	0.009731729	0.019463458	0.000122055417165	6.48574448168e-06
K01183	S20_1_5	741010	3.0	0.00324391	0.00973173	6.10277148536e-05	3.24287257407e-06
K01183	S20_1_6	797229	1.0	0.074242292	0.074242292	0.000720064383012	2.47395162589e-05
K01183	S20_1_6	275246	3.0	24.26412788	72.79238364	0.706001948508	0.024256368036
K01183	S20_1_6	939811	3.0	3.88680234	11.66040702	0.11309246469	0.00388555931244
K01183	S20_1_6	1010927	3.0	0.882173116	2.646519348	0.0256681773974	0.000881890990643
K01183	S20_1_6	208171	3.0	5.310507467	15.931522401	0.154517345021	0.00530880912822
K01183	S20_1_A	974121	2.0	0.025392526	0.050785052	0.00117994099681	1.69229368574e-05
K01183	S20_1_A	797229	1.0	0.245461086	0.245461086	0.00570304818222	8.17941952551e-05
K01183	S20_1_A	275246	3.0	0.600956452	1.802869356	0.0418879056191	0.00060076426177
K01183	S20_1_A	426919	1.0	0.029624614	0.029624614	0.00068829892255	9.8717132779e-06
K01183	S20_1_A	817734	1.0	0.025392526	0.025392526	0.000589970498404	8.46146842871e-06
K01183	S20_1_A	581409	2.0	0.008464175	0.01692835	0.000393313650114	5.64097873032e-06
K01183	S20_1_A	1033018	2.0	0.076177578	0.152355156	0.00353982299043	5.07688105722e-05
K01183	S20_1_A	208171	3.0	13.546912692	40.640738076	0.944247787645	0.0135425802911
K01183	S20_1_A	741010	3.0	0.025392526	0.076177578	0.00176991149521	2.53844052861e-05
K01183	S20_2_4	797229	1.0	0.074349442	0.074349442	0.000365764445855	2.47752215032e-05
K01183	S20_2_4	275246	3.0	62.60223048	187.80669144	0.923920994893	0.0625822098329
K01183	S20_2_4	939811	3.0	1.189591078	3.568773234	0.0175566934896	0.00118921063815
K01183	S20_2_4	1010927	3.0	2.52788104	7.58364312	0.0373079736543	0.00252707260532
K01183	S20_2_4	208171	3.0	1.412639405	4.237918215	0.020848573517	0.00141218763268
K01183	S20_2_5	974121	2.0	0.009133254	0.018266508	8.21557657231e-05	6.08688874611e-06
K01183	S20_2_5	797229	1.0	0.036533017	0.036533017	0.000164311535944	1.21737778254e-05
K01183	S20_2_5	275246	3.0	62.325326522	186.975979566	0.840946434484	0.0623053944308
K01183	S20_2_5	817734	1.0	0.009133254	0.009133254	4.10778828615e-05	3.04344437305e-06
K01183	S20_2_5	1074016	2.0	0.018266508	0.036533016	0.000164311531446	1.21737774922e-05
K01183	S20_2_5	646549	1.0	0.018266508	0.018266508	8.21557657231e-05	6.08688874611e-06
K01183	S20_2_5	939811	3.0	3.708101196	11.124303588	0.0500328622968	0.00370691531836
K01183	S20_2_5	1010927	3.0	5.973148232	17.919444696	0.0805948077395	0.0059712379759
K01183	S20_2_5	581409	2.0	0.04566627	0.09133254	0.000410778828615	3.04344437305e-05
K01183	S20_2_5	208171	3.0	2.009315919	6.027947757	0.0271114032148	0.0020086733252
K01183	S20_2_5	4481782	3.0	0.009133254	0.027399762	0.000123233648585	9.13033311916e-06
K01183	S20_2_5	164660	2.0	0.027399763	0.054799526	0.000246467306164	1.82606669048e-05
K01183	S20_2_6	797229	1.0	0.013241525	0.013241525	5.62820085986e-05	4.41243008811e-06
K01183	S20_2_6	275246	3.0	72.0868644	216.2605932	0.91919779376	0.0720638104982
K01183	S20_2_6	817734	1.0	0.013241525	0.013241525	5.62820085986e-05	4.41243008811e-06
K01183	S20_2_6	939811	3.0	2.189265536	6.567796608	0.027915877149	0.00218856539301
K01183	S20_2_6	1010927	3.0	2.551200564	7.653601692	0.0325310019986	0.00255038467157
K01183	S20_2_6	208171	3.0	1.584569209	4.753707627	0.020205241733	0.00158406245228
K01183	S20_2_6	325947	2.0	0.004413842	0.008827684	3.75213418994e-05	2.94162028089e-06
K01183	S20_2_A	974121	2.0	0.059772863	0.119545726	0.0270270269659	3.98358314701e-05
K01183	S20_2_A	797229	1.0	0.549910341	0.549910341	0.12432432436	0.000183244825229
K01183	S20_2_A	275246	3.0	0.382546324	1.147638972	0.259459459415	0.000382423982913
K01183	S20_2_A	839235	1.0	0.011954573	0.011954573	0.00270270278702	3.9835832803e-06
K01183	S20_2_A	581409	2.0	0.023909146	0.047818292	0.0108108111481	1.59343331212e-05
K01183	S20_2_A	208171	3.0	0.812910938	2.438732814	0.551351350919	0.000812650963189
K01183	S20_2_A	741010	3.0	0.035863718	0.107591154	0.024324324405	3.5852248523e-05
K01183	S20_3_4	797229	1.0	0.034581136	0.034581136	0.000305716906145	1.15233589007e-05
K01183	S20_3_4	275246	3.0	32.255554604	96.766663812	0.85547233262	0.0322452390438
K01183	S20_3_4	939811	3.0	1.55615112	4.66845336	0.0412717823296	0.00155565345159
K01183	S20_3_4	1010927	3.0	2.783781448	8.351344344	0.073830632834	0.00278289117451
K01183	S20_3_4	208171	3.0	1.097951068	3.293853204	0.0291195353103	0.00109759993529
K01183	S20_3_5	797229	1.0	0.055637982	0.055637982	0.000396589330356	1.85400628567e-05
K01183	S20_3_5	275246	3.0	37.945103858	113.835311574	0.811421772774	0.0379329687387
K01183	S20_3_5	939811	3.0	2.763353116	8.290059348	0.0590918104369	0.00276246937564
K01183	S20_3_5	1010927	3.0	5.100148368	15.300445104	0.109062066233	0.00509851730358
K01183	S20_3_5	208171	3.0	0.936572699	2.809718097	0.0200277612258	0.000936273176262
K01183	S20_3_6	797229	1.0	0.036950363	0.036950363	0.000228990151251	1.23128486687e-05
K01183	S20_3_6	275246	3.0	47.481216906	142.443650718	0.882757041457	0.0474660320686
K01183	S20_3_6	939811	3.0	1.527281684	4.581845052	0.028394779003	0.00152679324825
K01183	S20_3_6	1010927	3.0	4.089173544	12.267520632	0.0760247309341	0.00408786579666
K01183	S20_3_6	208171	3.0	0.665106541	1.995319623	0.0123654682977	0.000664893835107
K01183	S20_3_6	585394	3.0	0.012316788	0.036950364	0.000228990157448	1.23128490019e-05
K01183	S20_3_A	922761	1.0	0.201235168	0.201235168	0.0506993009063	6.70569371782e-05
K01183	S20_3_A	974121	2.0	0.159600305	0.31920061	0.0804195804178	0.000106366175777
K01183	S20_3_A	941487	2.0	0.041634862	0.083269724	0.0209790208909	2.77476979129e-05
K01183	S20_3_A	797229	1.0	0.117965443	0.117965443	0.0297202797634	3.93092389321e-05
K01183	S20_3_A	275246	3.0	0.360835472	1.082506416	0.27272727259	0.0003607200742
K01183	S20_3_A	817734	1.0	0.124904587	0.124904587	0.0314685315883	4.16215472026e-05
K01183	S20_3_A	646549	1.0	0.052043578	0.052043578	0.0131118881828	1.73423113622e-05
K01183	S20_3_A	839235	1.0	0.405939907	0.405939907	0.102272727473	0.000135270028158
K01183	S20_3_A	1033018	2.0	0.027756574	0.055513148	0.0139860135914	1.8498464831e-05
K01183	S20_3_A	836783	2.0	0.180417736	0.360835472	0.0909090908633	0.000120240024733
K01183	S20_3_A	208171	3.0	0.37471376	1.12414128	0.283216783539	0.000374593923823
K01183	S20_3_A	222753	3.0	0.013878287	0.041634861	0.0104895101935	1.38738486232e-05
K01183	S20_4_4	797229	1.0	0.076533053	0.076533053	0.0011198208328	2.55028590583e-05
K01183	S20_4_4	275246	3.0	19.161963073	57.485889219	0.841125419879	0.0191558349383
K01183	S20_4_4	939811	3.0	1.951592844	5.854778532	0.0856662933797	0.00195096871046
K01183	S20_4_4	1010927	3.0	1.415861476	4.247584428	0.0621500560227	0.00141540867324
K01183	S20_4_4	581409	2.0	0.009566632	0.019133264	0.000279955219173	6.37571501449e-06
K01183	S20_4_4	208171	3.0	0.220032527	0.660097581	0.00965845466641	0.000219962159003
K01183	S20_4_5	797229	1.0	0.131685575	0.131685575	0.00236363635734	4.38811536662e-05
K01183	S20_4_5	275246	3.0	13.38128039	40.14384117	0.720545454677	0.0133770009595
K01183	S20_4_5	939811	3.0	3.09967585	9.29902755	0.166909090879	0.00309868455119
K01183	S20_4_5	1010927	3.0	1.904376012	5.713128036	0.102545454504	0.00190376697875
K01183	S20_4_5	208171	3.0	0.141815234	0.425445702	0.00763636358289	0.00014176988046
K01183	S20_4_6	797229	1.0	0.030179568	0.030179568	0.000303628354609	1.00566387851e-05
K01183	S20_4_6	275246	3.0	26.889995468	80.669986404	0.811598603339	0.0268813958525
K01183	S20_4_6	939811	3.0	0.905387052	2.716161156	0.027326552277	0.000905097502658
K01183	S20_4_6	1010927	3.0	4.768371812	14.305115436	0.143919842137	0.00476684685213
K01183	S20_4_6	208171	3.0	0.558322015	1.674966045	0.0168513738921	0.000558143459572
K01183	S20_4_A	974121	2.0	0.00825355	0.0165071	0.0141342771554	5.50060696992e-06
K01183	S20_4_A	797229	1.0	0.718058765	0.718058765	0.614840983478	0.000239276374867
K01183	S20_4_A	275246	3.0	0.08253549	0.24760647	0.212014131643	8.2509094552e-05
K01183	S20_4_A	1010927	3.0	0.00825355	0.02476065	0.0212014157331	8.25091045488e-06
K01183	S20_4_A	839235	1.0	0.020633873	0.020633873	0.0176678447317	6.87575804595e-06
K01183	S20_4_A	581409	2.0	0.00825355	0.0165071	0.0141342771554	5.50060696992e-06
K01183	S20_4_A	1033018	2.0	0.024760648	0.049521296	0.0424028280412	1.65018195769e-05
K01183	S20_4_A	208171	3.0	0.00825355	0.02476065	0.0212014157331	8.25091045488e-06
K01183	S20_4_A	741010	3.0	0.016507098	0.049521294	0.0424028263287	1.65018189104e-05
K01183	S16_6	974121	2.0	0.02611958	0.05223916	0.000834692865019	1.74074845127e-05
K01183	S16_6	797229	1.0	1.210998718	1.210998718	0.0193496983769	0.000403537143944
K01183	S16_6	275246	3.0	17.880039892	53.640119676	0.857077816189	0.0178743217256
K01183	S16_6	646549	1.0	0.047490146	0.047490146	0.000758811704188	1.58249861024e-05
K01183	S16_6	939811	3.0	1.669278625	5.007835875	0.0800166938758	0.0016687447776
K01183	S16_6	1010927	3.0	0.759842332	2.279526996	0.0364229616093	0.000759599328914
K01183	S16_6	839235	1.0	0.007123522	0.007123522	0.000113821757226	2.37374794868e-06
K01183	S16_6	1033018	2.0	0.011872536	0.023745072	0.000379405836116	7.91249271795e-06
K01183	S16_6	1104592	1.0	0.009498029	0.009498029	0.000151762337642	3.16499715383e-06
K01183	S16_6	208171	3.0	0.102103813	0.306311439	0.00489433544887	0.00010207115946
K03791	L0_8	818369	1.0	0.036873156	0.036873156	1.0	0.00481027358191
K03791	L11_9	554415	1.0	0.00530307	0.00530307	0.0909090846754	0.000691809985672
K03791	L11_9	646549	1.0	0.01060614	0.01060614	0.181818169351	0.00138361997134
K03791	L11_9	1033018	1.0	0.042424564	0.042424564	0.727272745974	0.00553448040719
K03791	L13_9	974121	1.0	0.012755102	0.012755102	1.0	0.00166396199406
K03791	L14_8	922761	1.0	0.013627691	0.013627691	1.0	0.00177779526113
K03791	L1_7	818369	1.0	0.063572791	0.063572791	1.0	0.00829336434006
K03791	L17_8	922761	1.0	0.046129008	0.046129008	0.6	0.00601774224431
K03791	L17_8	646549	1.0	0.030752672	0.030752672	0.4	0.00401182816287
K03791	L1_8	541859	1.0	0.029129042	0.029129042	0.142857144258	0.00380001812698
K03791	L1_8	818369	1.0	0.17477425	0.17477425	0.857142855742	0.022800108501
K03791	L18_9	2353709	1.0	0.033682995	0.033682995	0.197183098839	0.00439410233852
K03791	L18_9	569456	1.0	0.012029641	0.012029641	0.0704225348815	0.00156932225444
K03791	L18_9	2111163	1.0	0.014435569	0.014435569	0.0845070406869	0.00188318667924
K03791	L18_9	325947	1.0	0.110672698	0.110672698	0.647887325593	0.0144377648452
K03791	L18_B	325947	1.0	0.009341429	0.009341429	1.0	0.00121863257748
K03791	L1_9	818369	1.0	0.062227754	0.062227754	1.0	0.00811789804833
K03791	L20_7	2111163	1.0	0.03354354	0.03354354	1.0	0.00437590978938
K03791	L20_8	922761	1.0	0.017471827	0.017471827	0.222222226462	0.00227928056513
K03791	L20_8	2111163	1.0	0.05241548	0.05241548	0.666666666667	0.00683784156494
K03791	L20_8	554415	1.0	0.008735913	0.008735913	0.111111106871	0.00113964021734
K03791	L20_9	236204	1.0	0.0066346	0.0066346	0.0909090983831	0.000865514226842
K03791	L20_9	2111163	1.0	0.033172997	0.033172997	0.454545450808	0.00432757074285
K03791	L20_9	1124040	1.0	0.013269198	0.013269198	0.181818169362	0.00173102819277
K03791	L20_9	1033018	1.0	0.0099519	0.0099519	0.136363647575	0.00129827134026
K03791	L20_9	359570	1.0	0.009951899	0.009951899	0.136363633872	0.00129827120981
K03791	L20_B	2111163	1.0	0.041649313	0.041649313	0.600000005762	0.005433345332
K03791	L20_B	1074016	1.0	0.027766208	0.027766208	0.399999994238	0.00362223013436
K03791	L4_8	922761	1.0	0.17452007	0.17452007	1.0	0.0227669495455
K03791	L4_9	922761	1.0	0.015723765	0.015723765	0.833333333333	0.00205123779987
K03791	L4_9	818369	1.0	0.003144753	0.003144753	0.166666666667	0.000410247559974
K03791	L5_B	922761	1.0	0.828500414	0.828500414	0.285714285714	0.108081707301
K03791	L5_B	817734	2.0	0.828500414	1.657000828	0.571428571429	0.216163414603
K03791	L5_B	646549	1.0	0.414250207	0.414250207	0.142857142857	0.0540408536507
K03791	L6_7	4327501	1.0	0.035966048	0.035966048	1.0	0.00469193715179
K03791	L9_7	922761	1.0	0.010551862	0.010551862	0.333333333333	0.00137653915544
K03791	L9_7	817734	2.0	0.010551862	0.021103724	0.666666666667	0.00275307831088
K03791	L9_9	922761	1.0	0.009044044	0.009044044	0.2	0.00117983733009
K03791	L9_9	817734	2.0	0.009044044	0.018088088	0.4	0.00235967466017
K03791	L9_9	646549	1.0	0.018088088	0.018088088	0.4	0.00235967466017
K03791	S16_4	579033	1.0	0.006937699	0.006937699	0.142857136974	0.000905054891937
K03791	S16_4	1124040	1.0	0.013875398	0.013875398	0.285714273948	0.00181010978387
K03791	S16_4	1074016	1.0	0.027750798	0.027750798	0.571428589078	0.00362021982866
K03791	S16_5	1124040	1.0	0.019400524	0.019400524	0.4	0.00253088800081
K03791	S16_5	1033018	1.0	0.019400524	0.019400524	0.4	0.00253088800081
K03791	S16_5	541859	1.0	0.009700262	0.009700262	0.2	0.00126544400041
K03791	S16_A	922761	1.0	0.236616386	0.236616386	0.666666668545	0.0308677008994
K03791	S16_A	941487	1.0	0.051759834	0.051759834	0.145833332512	0.00675230951466
K03791	S16_A	646549	1.0	0.029577048	0.029577048	0.0833333328638	0.00385846257981
K03791	S16_A	581409	1.0	0.007394262	0.007394262	0.0208333332159	0.000964615644952
K03791	S16_A	1033018	1.0	0.022182786	0.022182786	0.0624999996478	0.00289384693486
K03791	S16_A	780788	1.0	0.007394262	0.007394262	0.0208333332159	0.000964615644952
K03791	S17_6	2111163	1.0	0.010317575	0.010317575	0.3125	0.00134597533371
K03791	S17_6	817734	2.0	0.00825406	0.01650812	0.5	0.00215356053393
K03791	S17_6	359570	1.0	0.006190545	0.006190545	0.1875	0.000807585200224
K03791	S18_4	1074016	1.0	0.115207374	0.115207374	0.727272723829	0.015029334283
K03791	S18_4	581409	1.0	0.014400922	0.014400922	0.0909090920569	0.00187866681799
K03791	S18_4	1033018	1.0	0.028801844	0.028801844	0.181818184114	0.00375733363598
K03791	S18_6	877752	1.0	0.021523892	0.021523892	1.0	0.00280789116797
K03791	S18_A	974121	1.0	0.038716338	0.038716338	0.149999998257	0.0050507251907
K03791	S18_A	1124040	1.0	0.060225416	0.060225416	0.233333335787	0.00785668380392
K03791	S18_A	581409	1.0	0.021509077	0.021509077	0.0833333336562	0.00280595848276
K03791	S18_A	1033018	1.0	0.137658092	0.137658092	0.5333333323	0.0179581341853
K03791	S19_5	877752	1.0	0.007147452	0.007147452	0.0555555555556	0.000932418140004
K03791	S19_5	817734	2.0	0.021442356	0.042884712	0.333333333333	0.00559450884002
K03791	S19_5	646549	1.0	0.042884712	0.042884712	0.333333333333	0.00559450884002
K03791	S19_5	581409	1.0	0.007147452	0.007147452	0.0555555555556	0.000932418140004
K03791	S19_5	1033018	1.0	0.014294904	0.014294904	0.111111111111	0.00186483628001
K03791	S19_5	325947	1.0	0.014294904	0.014294904	0.111111111111	0.00186483628001
K03791	S19_6	2111163	1.0	0.01268633	0.01268633	0.181818176607	0.00165499036889
K03791	S19_6	1124040	1.0	0.050745322	0.050745322	0.72727273509	0.00661996173645
K03791	S19_6	646549	1.0	0.006343165	0.006343165	0.0909090883033	0.000827495184443
K03791	S19_A	922761	1.0	0.048854148	0.048854148	0.305555554687	0.00637324934951
K03791	S19_A	646549	1.0	0.075501865	0.075501865	0.472222220311	0.00984956716465
K03791	S19_A	581409	1.0	0.03553029	0.03553029	0.222222225002	0.00463509050716
K03791	S20_1_4	922761	1.0	0.031658093	0.031658093	0.0938967151328	0.00412994451605
K03791	S20_1_4	974121	1.0	0.037989711	0.037989711	0.11267605638	0.00495593334099
K03791	S20_1_4	2111163	1.0	0.026909379	0.026909379	0.0798122077146	0.00351045283212
K03791	S20_1_4	1124040	1.0	0.022160664	0.022160664	0.0657276973304	0.00289096101774
K03791	S20_1_4	1074016	1.0	0.074396517	0.074396517	0.220657275965	0.00970536941051
K03791	S20_1_4	646549	1.0	0.058567471	0.058567471	0.173708919881	0.00764039721772
K03791	S20_1_4	581409	1.0	0.006331619	0.006331619	0.0187793442129	0.000825988955392
K03791	S20_1_4	1033018	1.0	0.079145231	0.079145231	0.234741783383	0.0103248610944
K03791	S20_1_5	2111163	1.0	0.016219548	0.016219548	0.0909090914186	0.00211591498311
K03791	S20_1_5	1124040	1.0	0.032439096	0.032439096	0.181818182837	0.00423182996622
K03791	S20_1_5	646549	1.0	0.022707368	0.022707368	0.12727273247	0.00296228108072
K03791	S20_1_5	581409	1.0	0.032439096	0.032439096	0.181818182837	0.00423182996622
K03791	S20_1_5	1033018	1.0	0.051902552	0.051902552	0.290909083572	0.00677092773723
K03791	S20_1_5	794948	1.0	0.012975638	0.012975638	0.0727272708929	0.00169273193431
K03791	S20_1_5	325947	1.0	0.009731729	0.009731729	0.0545454559722	0.00126954901596
K03791	S20_1_6	2111163	1.0	0.065507905	0.065507905	0.319148938243	0.00854580890304
K03791	S20_1_6	1124040	1.0	0.06114071	0.06114071	0.297872335865	0.00797608813557
K03791	S20_1_6	541859	1.0	0.078609486	0.078609486	0.382978725892	0.0102549706836
K03791	S20_1_A	974121	1.0	0.025392526	0.025392526	0.130434782385	0.00331257234927
K03791	S20_1_A	1124040	1.0	0.033856702	0.033856702	0.173913046605	0.00441676321933
K03791	S20_1_A	817734	2.0	0.025392526	0.050785052	0.260869564771	0.00662514469854
K03791	S20_1_A	581409	1.0	0.008464175	0.008464175	0.0434782590829	0.0011041907396
K03791	S20_1_A	1033018	1.0	0.076177578	0.076177578	0.391304347156	0.00993771704781
K03791	S20_2_5	974121	1.0	0.009133254	0.009133254	0.06666666618	0.0011914751868
K03791	S20_2_5	817734	2.0	0.009133254	0.018266508	0.13333333236	0.00238295037361
K03791	S20_2_5	1074016	1.0	0.018266508	0.018266508	0.13333333236	0.00238295037361
K03791	S20_2_5	646549	1.0	0.018266508	0.018266508	0.13333333236	0.00238295037361
K03791	S20_2_5	581409	1.0	0.04566627	0.04566627	0.3333333309	0.00595737593401
K03791	S20_2_5	164660	1.0	0.027399763	0.027399763	0.200000005839	0.00357442569086
K03791	S20_2_6	2111163	1.0	0.004413842	0.004413842	0.12500000708	0.00057580608417
K03791	S20_2_6	817734	2.0	0.013241525	0.02648305	0.74999998584	0.00345483624411
K03791	S20_2_6	325947	1.0	0.004413842	0.004413842	0.12500000708	0.00057580608417
K03791	S20_2_A	974121	1.0	0.059772863	0.059772863	0.294117645901	0.00779764617393
K03791	S20_2_A	1124040	1.0	0.04781829	0.04781829	0.235294114753	0.00623811688697
K03791	S20_2_A	581409	1.0	0.023909146	0.023909146	0.117647062297	0.00311905857394
K03791	S20_2_A	573270	1.0	0.071727436	0.071727436	0.352941177049	0.0093571754609
K03791	S20_3_A	922761	1.0	0.201235168	0.201235168	0.267281106725	0.0262520575234
K03791	S20_3_A	560243	1.0	0.020817431	0.020817431	0.0276497694322	0.00271573006614
K03791	S20_3_A	974121	1.0	0.159600305	0.159600305	0.211981566533	0.0208205972607
K03791	S20_3_A	941487	1.0	0.041634862	0.041634862	0.0552995388645	0.00543146013228
K03791	S20_3_A	817734	2.0	0.124904587	0.249809174	0.331797235843	0.0325887610546
K03791	S20_3_A	646549	1.0	0.052043578	0.052043578	0.0691244242447	0.00678932523057
K03791	S20_3_A	1033018	1.0	0.027756574	0.027756574	0.0368663583575	0.00362097333455
K03791	S20_4_4	581409	1.0	0.009566632	0.009566632	1.0	0.00124801134944
K03791	S20_4_A	974121	1.0	0.00825355	0.00825355	0.181818189829	0.00107671373511
K03791	S20_4_A	1124040	1.0	0.004126775	0.004126775	0.0909090949144	0.000538356867554
K03791	S20_4_A	581409	1.0	0.00825355	0.00825355	0.181818189829	0.00107671373511
K03791	S20_4_A	1033018	1.0	0.024760648	0.024760648	0.545454525428	0.00323014094442
K03791	S16_6	658233	1.0	0.030868595	0.030868595	0.265306124905	0.00402695085388
K03791	S16_6	974121	1.0	0.02611958	0.02611958	0.224489794691	0.0034074199031
K03791	S16_6	646549	1.0	0.047490146	0.047490146	0.408163267762	0.00619530898589
K03791	S16_6	1033018	1.0	0.011872536	0.011872536	0.102040812643	0.00154882718125
K01452	L0_7	939811	1.0	0.029620853	0.029620853	1.0	0.000398719060812
K01452	L0_8	939811	1.0	0.036873156	0.036873156	0.5	0.000496340538521
K01452	L0_8	818369	1.0	0.036873156	0.036873156	0.5	0.000496340538521
K01452	L0_9	939811	1.0	0.030921459	0.030921459	1.0	0.000416226200218
K01452	L10_7	939811	1.0	0.209966406	0.209966406	1.0	0.0028263064606
K01452	L10_8	939811	1.0	0.101061142	0.101061142	1.0	0.00136035932601
K01452	L10_9	939811	1.0	0.170478762	0.170478762	1.0	0.00229477293827
K01452	L11_8	939811	1.0	0.042881646	0.042881646	1.0	0.000577219353513
K01452	L11_9	939811	1.0	0.127273692	0.127273692	1.0	0.00171320005336
K01452	L12_7	939811	1.0	0.229753016	0.229753016	1.0	0.00309264918057
K01452	L12_9	1097359	1.0	1.377810008	1.377810008	1.0	0.0185463636839
K01452	L13_7	939811	1.0	0.031201248	0.031201248	1.0	0.000419992371547
K01452	L13_8	939811	1.0	0.160771704	0.160771704	1.0	0.00216410860362
K01452	L13_9	1097359	1.0	0.051020408	0.051020408	0.4	0.000686773239109
K01452	L13_9	939811	1.0	0.076530612	0.076530612	0.6	0.00103015985866
K01452	L14_8	939811	1.0	0.054510766	0.054510766	1.0	0.000733756094858
K01452	L14_9	939811	1.0	0.031070374	0.031070374	1.0	0.000418230708628
K01452	L16_9	939811	1.0	1.037344398	1.037344398	1.0	0.0139634393415
K01452	L1_7	818369	1.0	0.063572791	0.063572791	1.0	0.000855737797986
K01452	L17_8	326605	1.0	0.030752672	0.030752672	0.100000001301	0.000413954199674
K01452	L17_8	939811	1.0	0.276774044	0.276774044	0.899999998699	0.00372558774323
K01452	L17_9	939811	1.0	0.341224142	0.341224142	1.0	0.00459313475626
K01452	L1_8	818369	1.0	0.17477425	0.17477425	1.0	0.00235259345212
K01452	L18_9	939811	1.0	0.149167548	0.149167548	1.0	0.00200790789658
K01452	L18_B	939811	1.0	0.018682858	0.018682858	1.0	0.000251485384132
K01452	L1_9	818369	1.0	0.062227754	0.062227754	1.0	0.000837632583751
K01452	L19_8	1097359	1.0	0.008538251	0.008538251	0.025641024563	0.000114931309361
K01452	L19_8	939811	1.0	0.324453552	0.324453552	0.974358975437	0.00436738994419
K01452	L20_7	256215	1.0	0.013417416	0.013417416	0.142857142857	0.000180608556615
K01452	L20_7	936354	1.0	0.013417416	0.013417416	0.142857142857	0.000180608556615
K01452	L20_7	939811	1.0	0.06708708	0.06708708	0.714285714286	0.000903042783075
K01452	L20_8	939811	1.0	0.139774614	0.139774614	1.0	0.0018814719083
K01452	L20_9	225487	1.0	0.006634599	0.006634599	0.0434782580203	8.9306715176e-05
K01452	L20_9	939811	1.0	0.145961188	0.145961188	0.95652174198	0.00196474786848
K01452	L4_7	939811	1.0	0.008922996	0.008922996	1.0	0.000120110267748
K01452	L4_9	939811	1.0	0.015723765	0.015723765	0.833333333333	0.00021165375667
K01452	L4_9	818369	1.0	0.003144753	0.003144753	0.166666666667	4.2330751334e-05
K01452	L6_7	4327501	1.0	0.035966048	0.035966048	0.333333333333	0.000484130179494
K01452	L6_7	939811	1.0	0.071932096	0.071932096	0.666666666667	0.000968260358988
K01452	L6_B	939811	1.0	2.185730465	2.185730465	1.0	0.029421583443
K01452	L8_B	939811	1.0	0.059341312	0.059341312	1.0	0.000798778893638
K01452	L9_7	939811	1.0	0.126622348	0.126622348	0.92307692532	0.00170443247101
K01452	L9_7	512485	1.0	0.010551862	0.010551862	0.07692307468	0.000142036034764
K01452	L9_8	939811	1.0	0.019391118	0.019391118	1.0	0.000261019098844
K01452	L9_9	939811	1.0	0.144704712	0.144704712	1.0	0.00194783475221
K01452	S16_4	1097359	1.0	0.034688497	0.034688497	0.0295857985541	0.000466933377807
K01452	S16_4	939811	1.0	1.137782712	1.137782712	0.970414201446	0.015315414932
K01452	S16_5	238484	1.0	0.009700262	0.009700262	0.0069930070535	0.000130572855355
K01452	S16_5	936354	1.0	0.038801048	0.038801048	0.027972028214	0.000522291421421
K01452	S16_5	813945	1.0	0.009700262	0.009700262	0.0069930070535	0.000130572855355
K01452	S16_5	939811	1.0	1.31923562	1.31923562	0.951048950625	0.0177579081668
K01452	S16_5	512485	1.0	0.009700262	0.009700262	0.0069930070535	0.000130572855355
K01452	S16_A	225487	1.0	0.044365572	0.044365572	0.5	0.000597194118623
K01452	S16_A	936354	1.0	0.029577048	0.029577048	0.333333333333	0.000398129412416
K01452	S16_A	769643	1.0	0.014788524	0.014788524	0.166666666667	0.000199064706208
K01452	S17_4	939811	1.0	3.785422984	3.785422984	1.0	0.0509546533638
K01452	S17_5	225487	1.0	0.024137098	0.024137098	0.0289855063762	0.000324903575372
K01452	S17_5	939811	1.0	0.808592808	0.808592808	0.971014493624	0.0108842701115
K01452	S17_6	939811	1.0	1.106044036	1.106044036	1.0	0.0148881883736
K01452	S18_4	1097359	1.0	0.028801843	0.028801843	0.0144927534628	0.000387694567425
K01452	S18_4	939811	1.0	1.958525346	1.958525346	0.985507246537	0.0263632308811
K01452	S18_5	939811	1.0	0.887978143	0.887978143	1.0	0.0119528566986
K01452	S18_6	939811	1.0	6.586310804	6.586310804	1.0	0.0886567195747
K01452	S18_A	1097359	1.0	0.068829046	0.068829046	0.222222221505	0.000926490961542
K01452	S18_A	225487	1.0	0.180676246	0.180676246	0.583333332257	0.00243203877741
K01452	S18_A	939811	1.0	0.060225416	0.060225416	0.194444446238	0.000810679601445
K01452	S19_4	939811	1.0	0.289473684	0.289473684	1.0	0.00389653449258
K01452	S19_5	225487	1.0	0.007147452	0.007147452	0.00609756102763	9.62101040316e-05
K01452	S19_5	238484	1.0	0.007147452	0.007147452	0.00609756102763	9.62101040316e-05
K01452	S19_5	936354	1.0	0.042884712	0.042884712	0.0365853661658	0.00057726062419
K01452	S19_5	939811	1.0	1.115002502	1.115002502	0.951219511779	0.0150087760943
K01452	S19_6	238484	1.0	0.006343165	0.006343165	0.00159489627159	8.5383793349e-05
K01452	S19_6	936354	1.0	0.01268633	0.01268633	0.00318979254317	0.000170767586698
K01452	S19_6	939811	1.0	3.95813511	3.95813511	0.995215311185	0.0532794890689
K01452	S19_A	1097359	1.0	0.017765144	0.017765144	0.0655737678293	0.000239132260332
K01452	S19_A	225487	1.0	0.031089003	0.031089003	0.114754097392	0.000418481469042
K01452	S19_A	936354	1.0	0.22206431	0.22206431	0.819672134778	0.00298915338876
K01452	S20_1_4	1097359	1.0	0.017411951	0.017411951	0.00367401471255	0.000234378015705
K01452	S20_1_4	228207	1.0	0.034823902	0.034823902	0.0073480294251	0.000468756031409
K01452	S20_1_4	936354	1.0	0.022160664	0.022160664	0.00467601853324	0.000298299280478
K01452	S20_1_4	769643	1.0	0.066481994	0.066481994	0.0140280560217	0.000894897868355
K01452	S20_1_4	813945	1.0	0.033240997	0.033240997	0.00701402801087	0.000447448934178
K01452	S20_1_4	939811	1.0	4.565096952	4.565096952	0.963259853297	0.0614496540398
K01452	S20_1_5	1097359	1.0	0.058390372	0.058390372	0.00634249470609	0.000785978522775
K01452	S20_1_5	228207	1.0	0.00324391	0.00324391	0.000352360865282	4.36654794701e-05
K01452	S20_1_5	238484	1.0	0.009731729	0.009731729	0.00105708248722	0.000130996424949
K01452	S20_1_5	256215	1.0	0.012975638	0.012975638	0.00140944324388	0.000174661890959
K01452	S20_1_5	936354	1.0	0.064878192	0.064878192	0.00704721643665	0.000873309481715
K01452	S20_1_5	939811	1.0	9.05699549	9.05699549	0.983791402261	0.121914002124
K01452	S20_1_6	225487	1.0	0.126648616	0.126648616	0.0313513514525	0.00170478605814
K01452	S20_1_6	936354	1.0	0.026203162	0.026203162	0.00648648652449	0.000352714357785
K01452	S20_1_6	939811	1.0	3.88680234	3.88680234	0.962162162023	0.0523192960907
K01452	S20_1_A	1097359	1.0	0.241228999	0.241228999	0.633333335259	0.00324712458219
K01452	S20_1_A	225487	1.0	0.11003428	0.11003428	0.288888889122	0.00148114454296
K01452	S20_1_A	238484	1.0	0.012696263	0.012696263	0.0333333331583	0.000170901292383
K01452	S20_1_A	936354	1.0	0.01692835	0.01692835	0.0444444424608	0.00022786838087
K01452	S20_2_4	939811	1.0	1.189591078	1.189591078	1.0	0.0160127946812
K01452	S20_2_5	939811	1.0	3.708101196	3.708101196	1.0	0.0499138436784
K01452	S20_2_6	326605	1.0	0.008827684	0.008827684	0.004000000174	0.000118827296217
K01452	S20_2_6	939811	1.0	2.189265536	2.189265536	0.991999999652	0.0294691681695
K01452	S20_2_6	512485	1.0	0.008827684	0.008827684	0.004000000174	0.000118827296217
K01452	S20_2_A	1097359	1.0	0.789001793	0.789001793	0.600000000152	0.010620560248
K01452	S20_2_A	238484	1.0	0.071727436	0.071727436	0.0545454547667	0.000965505480762
K01452	S20_2_A	936354	1.0	0.454273759	0.454273759	0.345454545081	0.00611486801342
K01452	S20_3_4	939811	1.0	1.55615112	1.55615112	1.0	0.0209469697934
K01452	S20_3_5	939811	1.0	2.763353116	2.763353116	1.0	0.0371968207365
K01452	S20_3_6	939811	1.0	1.527281684	1.527281684	1.0	0.0205583653732
K01452	S20_3_A	1097359	1.0	0.069391438	0.069391438	0.0396039609046	0.000934061182766
K01452	S20_3_A	326605	1.0	1.308028589	1.308028589	0.746534653178	0.0176070530623
K01452	S20_3_A	225487	1.0	0.034695718	0.034695718	0.0198019798816	0.000467030577922
K01452	S20_3_A	238484	1.0	0.017347859	0.017347859	0.00990098994079	0.000233515288961
K01452	S20_3_A	936354	1.0	0.013878288	0.013878288	0.00792079240922	0.000186812241938
K01452	S20_3_A	813945	1.0	0.13184373	0.13184373	0.0752475244632	0.00177471621764
K01452	S20_3_A	512485	1.0	0.176948165	0.176948165	0.100990099222	0.00238185599048
K01452	S20_4_4	939811	1.0	1.951592844	1.951592844	1.0	0.0262699141664
K01452	S20_4_5	939811	1.0	3.09967585	3.09967585	1.0	0.0417239788379
K01452	S20_4_6	939811	1.0	0.905387052	0.905387052	1.0	0.0121871937666
K01452	S20_4_A	1097359	1.0	0.037140972	0.037140972	0.81818182419	0.000499945544224
K01452	S20_4_A	238484	1.0	0.008253549	0.008253549	0.18181817581	0.000111099005341
K01452	S16_6	1097359	1.0	0.023745073	0.023745073	0.0140056023004	0.000319626622686
K01452	S16_6	352392	1.0	0.002374507	0.002374507	0.00140056005309	3.19626582303e-05
K01452	S16_6	939811	1.0	1.669278625	1.669278625	0.984593837647	0.0224697514819